3.664655560369587839e+00 1.906197854689188897e+00
3.664142265473851801e+00 1.903981503790966423e+00
3.662889473419570940e+00 1.898558592134647505e+00
3.660623990127393590e+00 1.888710062900370801e+00
3.657438797736256575e+00 1.874745557757858450e+00
3.654109881474644439e+00 1.859942416897260697e+00
3.651634138008460706e+00 1.848650993054583358e+00
3.650321957149355701e+00 1.842402355713474105e+00
3.649835653889111242e+00 1.839900346492870042e+00
3.649722050539046414e+00 1.839182903827841775e+00
3.649705360255965036e+00 1.838971413228906782e+00
3.649708453103512884e+00 1.838804015879255793e+00
3.649720756914052622e+00 1.838440064734530921e+00
3.649751439136760478e+00 1.837538660567344939e+00
3.649827212260288167e+00 1.835309317826968156e+00
3.650012291435431155e+00 1.829843607589395571e+00
3.650452809117977981e+00 1.816720785136723526e+00
3.651199724247055745e+00 1.795037698240348201e+00
3.651932941596806703e+00 1.772290222226966527e+00
3.652718016508183840e+00 1.749760654523678349e+00
3.653429228737129275e+00 1.727003756585088423e+00
3.654207924099083460e+00 1.704573240242182264e+00
3.654917930441222040e+00 1.681883734256775398e+00
3.655623240198317969e+00 1.659263445291321082e+00
3.656283512209271169e+00 1.636505935107630316e+00
3.656991044292050574e+00 1.613981778034450754e+00
3.657636119278939724e+00 1.591262774165112415e+00
3.658332049155769372e+00 1.568791033220176434e+00
3.658997296679771694e+00 1.546219141525938978e+00
3.659635297396178988e+00 1.523576182029202863e+00
3.660227626186706384e+00 1.500818678082628477e+00
3.660861037106087679e+00 1.478266444738047580e+00
3.661419160084639302e+00 1.455485245569740238e+00
3.662024861501930850e+00 1.432937421043919413e+00
3.662545983044499298e+00 1.410127483401607762e+00
3.663199355846590510e+00 1.387832750010070670e+00
3.663724309537160106e+00 1.365091158312880193e+00
3.664237738106975062e+00 1.342370749277883135e+00
3.664770315698085312e+00 1.319777306835765662e+00
3.665255433114483097e+00 1.297032322485783817e+00
3.665767548815762389e+00 1.274465346544978228e+00
3.666226273007239911e+00 1.251706812211344610e+00
3.666650755184472033e+00 1.228886438984758023e+00
3.667097708090047092e+00 1.206207094610567188e+00
3.667556037973856764e+00 1.183595238732238819e+00
3.667975461614099597e+00 1.160877772009290654e+00
3.668379916150059206e+00 1.138156132022653200e+00
3.668743866291896527e+00 1.115323047956401137e+00
3.669123631020663190e+00 1.092606726390380478e+00
3.669469174586459381e+00 1.069798523021605829e+00
3.669764722487080189e+00 1.046849749015951625e+00
3.670117307414763275e+00 1.024166702022140107e+00
3.670411355471986603e+00 1.001303237523890832e+00
3.670714160988501007e+00 9.785119105908756110e-01
3.671004577051725448e+00 9.557120858848430212e-01
3.671231391829262503e+00 9.327150363856523407e-01
3.671481679841571477e+00 9.098496913343655512e-01
3.671686473409483842e+00 8.868453655663092183e-01
3.671907098762277055e+00 8.639434955281688477e-01
3.672129413425903710e+00 8.411055620637294394e-01
3.672277954368457387e+00 8.179985225086833234e-01
3.672401777319215022e+00 7.948617828804551699e-01
3.672505157705324486e+00 7.717052997957623006e-01
3.672621130752014906e+00 7.486473781866368471e-01
3.672682317490696846e+00 7.254199678537120999e-01
3.672763338624921658e+00 7.023303095638151472e-01
3.672784363919497697e+00 6.790333865060834695e-01
3.672831285472191620e+00 6.558953872906783111e-01
3.672811396353511615e+00 6.325266230665268496e-01
3.672764060065678571e+00 6.091124177785049998e-01
3.672760734028043039e+00 5.859078335219110034e-01
3.672676417617217748e+00 5.624313736811842324e-01
3.672595281882177876e+00 5.390258665281858486e-01
3.672488191696733129e+00 5.155466758683631134e-01
3.672336192391471243e+00 4.919410358935239480e-01
3.672161060915177355e+00 4.682997472846437970e-01
3.672005689076426105e+00 4.447762993798992093e-01
3.671782103901279903e+00 4.210296961244950342e-01
3.671547473243423010e+00 3.972852899155932538e-01
3.671271237562297340e+00 3.734206222381239448e-01
3.671007484101251883e+00 3.496464402911189095e-01
3.670678184961257529e+00 3.256556621154435560e-01
3.670321572235893282e+00 3.016126160808872969e-01
3.669945488304112047e+00 2.775458873638950719e-01
3.669615330280294074e+00 2.536902681201623766e-01
3.669191386511448716e+00 2.294945463645810535e-01
3.668742333463983485e+00 2.052549681342453192e-01
3.668264720176968474e+00 1.809531712460576702e-01
3.667762202763043433e+00 1.566033677635217669e-01
3.667226737996162722e+00 1.321664651483288599e-01
3.666658757797933710e+00 1.076516120771845997e-01
3.666086977498749455e+00 8.316977527819567617e-02
3.665464042032267500e+00 5.852983513711517566e-02
3.664813363727758677e+00 3.382517304358223509e-02
3.664155670004987986e+00 9.133238739955869268e-03
3.663500623413369350e+00 -1.549740226168599272e-02
3.662783841916862571e+00 -4.034757725868650530e-02
3.662014439142781352e+00 -6.536722847120862712e-02
3.661240339496599105e+00 -9.036746857567330704e-02
3.660439524022737423e+00 -1.154236216817802335e-01
3.659610211046115058e+00 -1.405416325155526003e-01
3.658758058988127893e+00 -1.656988284995872529e-01
3.657888169753364505e+00 -1.908770981203630757e-01
3.657004732476028419e+00 -2.160623690183401946e-01
3.656244158385260512e+00 -2.407261198366741073e-01
3.655744721309006628e+00 -2.643539594239184831e-01
3.655679713221371419e+00 -2.862109936362038365e-01
3.655635117630828823e+00 -3.079277486554005128e-01
3.655564476498583293e+00 -3.297105341589054439e-01
3.655493032518092100e+00 -3.514482368631908771e-01
3.655419154208900956e+00 -3.731488994042729268e-01
3.655343581443017520e+00 -3.948093756275337651e-01
3.655271764471858642e+00 -4.164117521283979273e-01
3.655197269295642482e+00 -4.379752034630773894e-01
3.655127609439933867e+00 -4.594755079843741430e-01
3.655075668642046249e+00 -4.808516170703219794e-01
3.655019875954884423e+00 -5.021943974571783098e-01
3.654962442230395236e+00 -5.234772394568258935e-01
3.654911018066019146e+00 -5.446636334091584652e-01
3.654867707487246431e+00 -5.657432486253579640e-01
3.654832413024158289e+00 -5.867107513856333334e-01
3.654812995605666970e+00 -6.075353947191459714e-01
3.654801598124487683e+00 -6.282386899832681504e-01
3.654812487513305896e+00 -6.487564611940107584e-01
3.654846239705920041e+00 -6.690847715934229445e-01
3.654882409312347313e+00 -6.893043901894339021e-01
3.654937571818383191e+00 -7.093402105378533440e-01
3.655019272976125499e+00 -7.291539562198570135e-01
3.655124955615460358e+00 -7.487393792233653089e-01
3.655253072067538245e+00 -7.680954503918425713e-01
3.655404324589448084e+00 -7.872041616774497763e-01
3.655583967166609938e+00 -8.060394392547036713e-01
3.655803971512554540e+00 -8.245324261938714594e-01
3.656062067939093829e+00 -8.426922633514972727e-01
3.656360014444500983e+00 -8.604846174936793268e-01
3.656698259601866230e+00 -8.778922482132212046e-01
3.657082417653207518e+00 -8.948654424926212325e-01
3.657520761188413960e+00 -9.113497728392877528e-01
3.658015547853137317e+00 -9.272973919794522679e-01
3.658582417508696061e+00 -9.426047155532550903e-01
3.659230615358082694e+00 -9.571963390018587425e-01
3.659967198039879133e+00 -9.710111244502837025e-01
3.660811526522697257e+00 -9.839204258001583714e-01
3.661775192409214341e+00 -9.958323607702975755e-01
3.662879951147699931e+00 -1.006575065514506262e+00
3.664144623630546604e+00 -1.016031303889908033e+00
3.665585375904708787e+00 -1.024138319791093155e+00
3.667201912714188161e+00 -1.030971474947052213e+00
3.668948579318702219e+00 -1.036983200511284453e+00
3.670664944384080197e+00 -1.043413485175084698e+00
3.672100218711904063e+00 -1.052266548207912988e+00
3.672666252667036613e+00 -1.067405994028710170e+00
3.671401282242221509e+00 -1.094604356886240915e+00
3.670305290209552318e+00 -1.108191180305628798e+00
3.668562057997529546e+00 -1.125952492726287391e+00
3.666329550843356877e+00 -1.141961942233688854e+00
3.665511466925040818e+00 -1.139301520529510281e+00
3.665104985171801832e+00 -1.135442168768236337e+00
3.664957922473517815e+00 -1.132145338882399654e+00
3.665041458028347243e+00 -1.125990302307802171e+00
3.665521545543451332e+00 -1.115799241562198452e+00
3.666975518378074561e+00 -1.095882057056615455e+00
3.669298738589263031e+00 -1.068035291483999893e+00
