3.673907122827275273e+00 2.346234465279336767e+00
3.673247645366513936e+00 2.343375075813670882e+00
3.671588994450381005e+00 2.336173131234569045e+00
3.668588811878671141e+00 2.323084315198675753e+00
3.664296977992674176e+00 2.304197341436025948e+00
3.659667884749293165e+00 2.283520669522141056e+00
3.656031015569495946e+00 2.266830637554535510e+00
3.653958372697558854e+00 2.256851353645187519e+00
3.653107738851593123e+00 2.252389059948836980e+00
3.652885310108905603e+00 2.250942600437143781e+00
3.652850075273385233e+00 2.250498629982461640e+00
3.652854632258215606e+00 2.250210533759078757e+00
3.652876753623752304e+00 2.249647005454446624e+00
3.652932055513566478e+00 2.248258378780161770e+00
3.653068102255212057e+00 2.244835342157525115e+00
3.653397594542730165e+00 2.236509858721821509e+00
3.654126817263643190e+00 2.218340770173811816e+00
3.655014605962876750e+00 2.196211012868012791e+00
3.655893887953623356e+00 2.173868278469736293e+00
3.656767476139602735e+00 2.151537902995313001e+00
3.657653236308788358e+00 2.129313304717205924e+00
3.658497872245930704e+00 2.106951749895281889e+00
3.659386208847200894e+00 2.084815932356518964e+00
3.660195722795179130e+00 2.062401925296879934e+00
3.661037353035423880e+00 2.040181183324997871e+00
3.661866377465659017e+00 2.017920834532955787e+00
3.662739569158862452e+00 1.995890706689342320e+00
3.663530801268742643e+00 1.973468845389848125e+00
3.664341937276147654e+00 1.951128870092191159e+00
3.665176414712516095e+00 1.928923018531882638e+00
3.665958857368346369e+00 1.906560316343730577e+00
3.666737164994170239e+00 1.884250217710756736e+00
3.667505165600025929e+00 1.861956386336688141e+00
3.668227976660988876e+00 1.839521104005731766e+00
3.669032602981842306e+00 1.817441261537671826e+00
3.669743169909033043e+00 1.795028920325817623e+00
3.670513913573008935e+00 1.772890726274093831e+00
3.671200705187972702e+00 1.750488175840510197e+00
3.671982440161210892e+00 1.728496806044122591e+00
3.672667567432828850e+00 1.706155926395463984e+00
3.673338652296953999e+00 1.683833178652657248e+00
3.674078488468516479e+00 1.661795267327294434e+00
3.674721141995211493e+00 1.639430512932132267e+00
3.675386051317345526e+00 1.617221589027992623e+00
3.676038382541682026e+00 1.594984966855809372e+00
3.676710681622449073e+00 1.572871662850197305e+00
3.677363663269528793e+00 1.550715533617635034e+00
3.677964208767127818e+00 1.528417734569551989e+00
3.678587897068910095e+00 1.506255537708893533e+00
3.679229951888886685e+00 1.484203490056828612e+00
3.679810762381674039e+00 1.461941787631292566e+00
3.680392338957436227e+00 1.439741001881669646e+00
3.680970991117143765e+00 1.417556313505392795e+00
3.681547148457918972e+00 1.395421494949526720e+00
3.682111454609558798e+00 1.373272536655189224e+00
3.682650686823529806e+00 1.351081625879043457e+00
3.683184264799865382e+00 1.328897316661156847e+00
3.683718826768491716e+00 1.306770878379721168e+00
3.684204397684440302e+00 1.284479200057676573e+00
3.684710194168518971e+00 1.262328560130382415e+00
3.685212457470777636e+00 1.240186947381236138e+00
3.685651947383421057e+00 1.217842337985694634e+00
3.686123066818424832e+00 1.195665643040668691e+00
3.686562497913984160e+00 1.173405714606304384e+00
3.687043796217717606e+00 1.151370285870597421e+00
3.687476841144345485e+00 1.129138669884107049e+00
3.687865881981092109e+00 1.106779514796664809e+00
3.688235544280276557e+00 1.084402695691595753e+00
3.688623283415310095e+00 1.062135713763227018e+00
3.689001403423035619e+00 1.039886198249039717e+00
3.689371067800354620e+00 1.017643590820791699e+00
3.689686531924639468e+00 9.952038512269099080e-01
3.690057910738436586e+00 9.730068675539107481e-01
3.690349372919399684e+00 9.505484208919040556e-01
3.690622285603328390e+00 9.280734612099492686e-01
3.690911194665412065e+00 9.057061744005600046e-01
3.691150319951161052e+00 8.831856999319608326e-01
3.691421489328844174e+00 8.608493472004993263e-01
3.691630787179713824e+00 8.382876019115150790e-01
3.691832970145579207e+00 8.157583772079229911e-01
3.692057625382402453e+00 7.933506285411398018e-01
3.692213671465618408e+00 7.706948373964176424e-01
3.692346528549397711e+00 7.480079687902142505e-01
3.692536613685966529e+00 7.255764391584489381e-01
3.692645909441265584e+00 7.028713613336837751e-01
3.692741765786738739e+00 6.801665455961646289e-01
3.692803692382916836e+00 6.573643607266272948e-01
3.692885595346417471e+00 6.346818491422119290e-01
3.692920737782877882e+00 6.118573622028822268e-01
3.692938196303565235e+00 5.890112985588701333e-01
3.692967433438932634e+00 5.662396006476143606e-01
3.692944894829791380e+00 5.433076603947566419e-01
3.692881937753225596e+00 5.202566901215353035e-01
3.692860984744378072e+00 4.974207007499618083e-01
3.692770960453175544e+00 4.743345841237538996e-01
3.692675412122321976e+00 4.512821463040563308e-01
3.692536225440678166e+00 4.281063294242148376e-01
3.692382480795799893e+00 4.049120441729324726e-01
3.692194598070907219e+00 3.816216227784769988e-01
3.692043959276321896e+00 3.585205367290980605e-01
3.691818742329560976e+00 3.351708777694666352e-01
3.691569928767320263e+00 3.117942641911365942e-01
3.691297636499380808e+00 2.883950782785251188e-01
3.691053409700750798e+00 2.651808362154419729e-01
3.690748139367138414e+00 2.417819263310321820e-01
3.690425605845804924e+00 2.184115470154874838e-01
3.690089561593974388e+00 1.950885325192200648e-01
3.689809232258537186e+00 1.720941869100084676e-01
3.689471551167541552e+00 1.489556512446871817e-01
3.689134746786551844e+00 1.259543071226860711e-01
3.688804797759908993e+00 1.031197718184721501e-01
3.688487749488857048e+00 8.048824499540158106e-02
3.688198563396728691e+00 5.812610112491164299e-02
3.687921984742775994e+00 3.599519208146889637e-02
3.687728347376850735e+00 1.438428959456037812e-02
3.687553728648457874e+00 -6.967345023763840510e-03
3.687431962819365250e+00 -2.786629755593724583e-02
3.687360145771255038e+00 -4.829690630856836586e-02
3.687393830542688100e+00 -6.801680228818268725e-02
3.687536416280948082e+00 -8.697129935713503179e-02
3.687805741182224040e+00 -1.050617296094930736e-01
3.688230621141651788e+00 -1.221195889798377399e-01
3.688837674877056383e+00 -1.379743982242492562e-01
3.689710520588706189e+00 -1.522519854353777125e-01
3.690811082290292422e+00 -1.650194310403907683e-01
3.692224961460782939e+00 -1.758321364224524619e-01
3.694011319753949252e+00 -1.843175654456299661e-01
3.696247495877789557e+00 -1.900389901973420226e-01
3.698961785720951578e+00 -1.927306808321008758e-01
3.702243996534415604e+00 -1.918533875978537806e-01
3.706134596287268046e+00 -1.871332756796143526e-01
3.710614523257147468e+00 -1.785634925403879192e-01
3.715566874770826811e+00 -1.665383712061444255e-01
3.720878043046246919e+00 -1.518276390426863687e-01
3.726242143560373865e+00 -1.359981425238340480e-01
3.731549015267935587e+00 -1.199964556818587103e-01
3.736793119410068975e+00 -1.043254506342423255e-01
3.741879245240995466e+00 -8.973809231257043328e-02
3.746815976746166399e+00 -7.640234006488821894e-02
3.751638233586616522e+00 -6.446635342662083989e-02
3.756263017471666910e+00 -5.410291546231017767e-02
3.760751056584540564e+00 -4.514179480644946868e-02
3.765074750356311561e+00 -3.766107976811634839e-02
3.769265760030517498e+00 -3.150142830452502818e-02
3.773315302316863740e+00 -2.672774081286760292e-02
3.777216892404180459e+00 -2.325313055852866115e-02
3.780990929616517171e+00 -2.117155747389580511e-02
3.784598933790795705e+00 -2.065811242937308501e-02
3.787986227598194588e+00 -2.219544905134378243e-02
3.791049148415244652e+00 -2.653041241794654517e-02
3.793610674432171592e+00 -3.506747736931265652e-02
3.795343413846512970e+00 -5.003353369028126080e-02
3.795819981202781079e+00 -7.449393261822435941e-02
3.794445747470537089e+00 -1.113580872884119138e-01
3.791418987012138864e+00 -1.538251313069429471e-01
3.787768921711824888e+00 -1.926241232311173002e-01
3.784833582488011938e+00 -2.162989711515160840e-01
3.784345496102861972e+00 -2.139402111292547370e-01
3.783779001115205709e+00 -2.103293108145771473e-01
3.783560770608138224e+00 -2.059996735625962416e-01
3.783748416108399404e+00 -2.005946730240953380e-01
3.784569758678992368e+00 -1.911112279469882325e-01
3.786785160743682876e+00 -1.702225827189471075e-01
3.790900153138621498e+00 -1.320677317939636386e-01
3.795058781234566414e+00 -9.171800253168693740e-02
3.798902905211934744e+00 -5.204069337326308609e-02
3.802418466081322279e+00 -1.294766812500779823e-02
3.805641944752411909e+00 2.572128230297502510e-02
3.808603586494179183e+00 6.398995151477890331e-02
3.811345123369843879e+00 1.018901279977011409e-01
3.813870032059107018e+00 1.391609413151994601e-01
3.816178933898116021e+00 1.757625958414349432e-01
3.818256060840704791e+00 2.118030480070444976e-01
3.820073017748482513e+00 2.470934568572505652e-01
3.821609249578142631e+00 2.819081119059108076e-01
3.822839925388520577e+00 3.160489546669479899e-01
3.823699590670470272e+00 3.495862879738778628e-01
3.824115155559545620e+00 3.833254645533498706e-01
3.823891591487772690e+00 4.167406060492022668e-01
3.823425130809524397e+00 4.353517353615954932e-01
3.823102328127307104e+00 4.441600731029449745e-01
3.822759902382076636e+00 4.518283957201628120e-01
3.822397123986505107e+00 4.590144084677175162e-01
3.822011748180643931e+00 4.657824565282365215e-01
3.821604660040141876e+00 4.721595412840177142e-01
3.821176419685092362e+00 4.781650190247361265e-01
3.820744385097994300e+00 4.838446887937339902e-01
3.820299489051961483e+00 4.892033448376241211e-01
3.819850558476069136e+00 4.942733145581939547e-01
3.818979009234487521e+00 5.033093920482016870e-01
3.816967524824111724e+00 5.210778022803594922e-01
3.814503049701563508e+00 5.389964684037058529e-01
3.811884539362410784e+00 5.551112666736892631e-01
3.809123009861467679e+00 5.697127091676605914e-01
3.806257179682006164e+00 5.830031566957087907e-01
3.803340502041698823e+00 5.951612029573027929e-01
3.800365384013951520e+00 6.063825504902411456e-01
3.798561919553109512e+00 6.127229359235143447e-01
