3.674058664392451767e+00 2.355201559721555871e+00
3.673388821906807600e+00 2.352298619928407941e+00
3.671744869781192300e+00 2.345155921581176806e+00
3.668728499704358992e+00 2.331995735430547612e+00
3.664395788035293755e+00 2.312933233372046704e+00
3.659767663734587284e+00 2.292249590109204149e+00
3.656104498640465383e+00 2.275437677778772372e+00
3.654002301659079688e+00 2.265322581596087570e+00
3.653145015369069881e+00 2.260821626402425011e+00
3.652919868343588838e+00 2.259357168326877385e+00
3.652884292415317979e+00 2.258908436951078347e+00
3.652888936055164404e+00 2.258617563332352862e+00
3.652911360932215690e+00 2.258049242115024224e+00
3.652967415700728360e+00 2.256648943590381595e+00
3.653105262500835781e+00 2.253197275377288644e+00
3.653438393438313003e+00 2.244801266654461003e+00
3.654158571481885165e+00 2.226527688689134976e+00
3.655016640077012990e+00 2.204328463648540293e+00
3.655940128078049245e+00 2.182240016997622156e+00
3.656819936055706322e+00 2.160028279351741798e+00
3.657679403173124566e+00 2.137757454742450047e+00
3.658564658615817589e+00 2.115629509944108921e+00
3.659410605963331342e+00 2.093358464016756848e+00
3.660231697000092321e+00 2.071066986273093491e+00
3.661079803726745130e+00 2.048924274900759457e+00
3.661910822586647907e+00 2.026748529310763214e+00
3.662752472056573616e+00 2.004635298615244920e+00
3.663569118798337243e+00 1.982442137404065052e+00
3.664406312361143225e+00 1.960374706512979737e+00
3.665180586815034225e+00 1.938077268074942072e+00
3.665940113548715296e+00 1.915798781996326916e+00
3.666761759313124980e+00 1.893795998344977249e+00
3.667534773645458213e+00 1.871658599415354729e+00
3.668264950241204136e+00 1.849384457071957311e+00
3.669014714965328494e+00 1.827232229815584308e+00
3.669802891242583964e+00 1.805246343449840696e+00
3.670509541540400544e+00 1.783003993984669133e+00
3.671234926602192417e+00 1.760879797995913210e+00
3.671983798343234184e+00 1.738895726745319115e+00
3.672666147343925047e+00 1.716688750608725389e+00
3.673388654315390411e+00 1.694668388197886122e+00
3.674069378578018963e+00 1.672541945965384080e+00
3.674751790174822119e+00 1.650468838470050992e+00
3.675399817386277412e+00 1.628302292268303919e+00
3.676120743605253871e+00 1.606465743380069977e+00
3.676770870315866357e+00 1.584357187368405251e+00
3.677381915777688359e+00 1.562163708166425913e+00
3.678011888772827476e+00 1.540091495802912824e+00
3.678655217720076198e+00 1.518107585840150708e+00
3.679246740673822735e+00 1.495965888073888861e+00
3.679894080519720223e+00 1.474085395914234375e+00
3.680455542349033937e+00 1.451883019539657704e+00
3.681069050884478777e+00 1.429955715236747693e+00
3.681632870655251910e+00 1.407846774684314850e+00
3.682162099432217950e+00 1.385667708833539624e+00
3.682722358844790378e+00 1.363658686891051408e+00
3.683260942206977973e+00 1.341594551013842507e+00
3.683791798837239728e+00 1.319553379513989766e+00
3.684293581805803797e+00 1.297431697675087481e+00
3.684800267643580707e+00 1.275378422519432231e+00
3.685297115128810308e+00 1.253314552515005342e+00
3.685791890134255233e+00 1.231290477686997287e+00
3.686243837802670509e+00 1.209116884799249725e+00
3.686671488361170645e+00 1.186907520734174160e+00
3.687138040158912222e+00 1.164891181139606990e+00
3.687572301647419781e+00 1.142784027503800592e+00
3.687961498233820024e+00 1.120544386766883171e+00
3.688396178195791908e+00 1.098511805544230668e+00
3.688770047530128604e+00 1.076288344846484613e+00
3.689130869555058201e+00 1.054064029527455482e+00
3.689527047467101362e+00 1.031997462640181551e+00
3.689856044319414163e+00 1.009717445361340671e+00
3.690222468427269753e+00 9.876326437051149432e-01
3.690516208430288270e+00 9.652802737864304428e-01
3.690827037073517225e+00 9.430549473240272818e-01
3.691132774524249260e+00 9.208297184406142311e-01
3.691384236885966619e+00 8.984170582476430633e-01
3.691614923469288545e+00 8.759792734548558224e-01
3.691857563649444618e+00 8.536322944569135762e-01
3.692095054928083986e+00 8.313069413356365400e-01
3.692272346084228385e+00 8.087818698426633146e-01
3.692482271193840315e+00 7.864280387454278820e-01
3.692643007128317389e+00 7.639275917347889688e-01
3.692785848411244576e+00 7.413886291691915709e-01
3.692964917361285515e+00 7.190170238950690518e-01
3.693095195933366437e+00 6.964881631788323313e-01
3.693175969260341862e+00 6.738139788000503394e-01
3.693238273671868743e+00 6.511136275219197023e-01
3.693325709038339344e+00 6.285536130515124720e-01
3.693351130893243628e+00 6.057801119446214466e-01
3.693377364371245530e+00 5.830531386017646645e-01
3.693360066456373048e+00 5.601990184528214956e-01
3.693374404937883604e+00 5.375160827659272167e-01
3.693321874770981950e+00 5.145887317544926010e-01
3.693241575858269954e+00 4.916070379252622802e-01
3.693158581637143278e+00 4.686580084042206162e-01
3.693069061369866457e+00 4.457206281728023911e-01
3.692928587814865882e+00 4.226175172805123337e-01
3.692750897450256087e+00 3.994196686813331065e-01
3.692585302224619781e+00 3.763131712931415684e-01
3.692433380089698680e+00 3.532922443476244623e-01
3.692211189811765326e+00 3.300288993695860151e-01
3.691969266134081273e+00 3.067608408722168334e-01
3.691707926858790234e+00 2.834924778922255917e-01
3.691428727379875152e+00 2.602315079201884540e-01
3.691134888957534610e+00 2.370000953161791046e-01
3.690824780746219336e+00 2.138015180625449374e-01
3.690536289190070374e+00 1.907869819832340164e-01
3.690219479492254262e+00 1.677607572098114841e-01
3.689904573786489728e+00 1.448688618953513918e-01
3.689589234193748180e+00 1.221058089206071562e-01
3.689302381564977029e+00 9.960382447410645601e-02
3.689024465685963428e+00 7.728511335932276849e-02
3.688761279110153168e+00 5.517291522669600518e-02
3.688540162138328249e+00 3.341930110801755865e-02
3.688369774136417867e+00 1.208247097172790788e-02
3.688284570215763392e+00 -8.679430360589421301e-03
3.688215917209768602e+00 -2.913562552308436929e-02
3.688246720839784221e+00 -4.891202568205741535e-02
3.688382588880054325e+00 -6.794376128656282043e-02
3.688642680112350636e+00 -8.611841310254847448e-02
3.689053527342814665e+00 -1.032832820437785959e-01
3.689646632081371447e+00 -1.192618766446339462e-01
3.690449434058329370e+00 -1.338813862472338634e-01
3.691517237259474449e+00 -1.468429066259425708e-01
3.692894026888691617e+00 -1.579017969210943229e-01
3.694612886552582243e+00 -1.667907196814894522e-01
3.696752370261994880e+00 -1.730416070184944421e-01
3.699417875478025142e+00 -1.760730348013324065e-01
3.702614364770589361e+00 -1.757288747581733368e-01
3.706387607661356220e+00 -1.716412525252523635e-01
3.710793503437676666e+00 -1.635045330408107234e-01
3.715703678511637964e+00 -1.517472464135950216e-01
3.720950921504775355e+00 -1.372650866762784028e-01
3.726274508461691948e+00 -1.214766502408125837e-01
3.731570593274640135e+00 -1.052977161761089742e-01
3.736783403954211824e+00 -8.944414693295980878e-02
3.741866908177179596e+00 -7.452067401980949635e-02
3.746826786183588442e+00 -6.077665768708752358e-02
3.751631065841693147e+00 -4.851871309087636003e-02
3.756262282375089523e+00 -3.775713891125771077e-02
3.760769415748413724e+00 -2.837206862930281501e-02
3.765102269472754948e+00 -2.050917852813241918e-02
3.769292200900491885e+00 -1.394627345859077855e-02
3.773374880766194650e+00 -8.655192916445163601e-03
3.777305951246947568e+00 -4.644791328345699265e-03
3.781111612249340226e+00 -1.897194703260505219e-03
3.784783680355439994e+00 -5.593639504847787783e-04
3.788298303145896107e+00 -8.643214367344271946e-04
3.791580708398173183e+00 -3.432912368911907302e-03
3.794470828196983003e+00 -9.219531142490194550e-03
3.796759440940498109e+00 -1.988913301511017334e-02
3.798123536527877153e+00 -3.793560240189086663e-02
3.798039702966502507e+00 -6.671328270905270419e-02
3.796077632081541253e+00 -1.065649013528033734e-01
3.792860784780402117e+00 -1.478073953142502728e-01
3.790720746810376074e+00 -1.702263625578264439e-01
3.790021295264328405e+00 -1.768879353281865574e-01
3.789351312542612593e+00 -1.829436909112095166e-01
3.787324330984458420e+00 -1.967038954692882924e-01
3.786921833240280311e+00 -1.927703858162600203e-01
3.786441378007050051e+00 -1.887213279819494605e-01
3.786360682148582235e+00 -1.842965553258064104e-01
3.786724321515733571e+00 -1.779428105543852667e-01
3.787888110230299255e+00 -1.657648162768137201e-01
3.790863891189575785e+00 -1.380033686635559476e-01
3.795023225707689463e+00 -9.866861205614889385e-02
3.798988603322911661e+00 -5.916561917303067575e-02
3.802634793359613852e+00 -2.039269487590635727e-02
3.805329375212640919e+00 1.025505207561008304e-02
3.805973209476182451e+00 1.786158546925020046e-02
3.809037918579387672e+00 5.567002447403720383e-02
3.811877243139896176e+00 9.317507233674700295e-02
3.814521838901410167e+00 1.303270492437008099e-01
3.816977388081250311e+00 1.669773756236854478e-01
3.819225987966905045e+00 2.031629442515373862e-01
3.821250336496721633e+00 2.387488374295668458e-01
3.823014010212369307e+00 2.737253239063588417e-01
3.824486428525918580e+00 3.080936700145180396e-01
3.825637472913300918e+00 3.417519365472925230e-01
3.826401278791682792e+00 3.751263565590292060e-01
3.826647817600035584e+00 4.087636853378316948e-01
3.826291935728161953e+00 4.383606923329961269e-01
3.825931824976644968e+00 4.510332036743887052e-01
3.825623675489651987e+00 4.592797726107621936e-01
3.825286521447906374e+00 4.668706597403264325e-01
3.824915530735283120e+00 4.740027025014079687e-01
3.824524687047202054e+00 4.807200567729869034e-01
3.824115422251598950e+00 4.870456731322735933e-01
3.823683958251332449e+00 4.930076109728950273e-01
3.823235439007519165e+00 4.986407596190501335e-01
3.822787775731186777e+00 5.039556253855907997e-01
3.822311648870803769e+00 5.091997562817218714e-01
3.821213243233978485e+00 5.201785290488208924e-01
3.819021035213582049e+00 5.385914786710717106e-01
3.816463391562417762e+00 5.561452815893213053e-01
3.813764697733323938e+00 5.718906822918177202e-01
3.810938050610355177e+00 5.861244178245945680e-01
3.808014714191046757e+00 5.991011145866260712e-01
3.805016078965920201e+00 6.110362516483387463e-01
3.801994475246278427e+00 6.220301485877838266e-01
3.798937281361863150e+00 6.322024949642007785e-01
3.795884943113997601e+00 6.416310720542959256e-01
3.792854547905105456e+00 6.504249458752273672e-01
3.789806767472137849e+00 6.587026473945275518e-01
3.786781205403189077e+00 6.665021459720332775e-01
3.783759335045805194e+00 6.738618340049348232e-01
3.780750339769047397e+00 6.808174217966778130e-01
3.777773021094743111e+00 6.873898435574579135e-01
3.774821442687798179e+00 6.936381239987763347e-01
3.771895805201945340e+00 6.995673255028767024e-01
3.768992637349044106e+00 7.052024968522936366e-01
3.766116047146523815e+00 7.105489188157848579e-01
3.765545459651364446e+00 7.115815071421015547e-01
3.763287929581330626e+00 7.156223374000064696e-01
3.760484102226498759e+00 7.204631697330196038e-01
3.757720490788449386e+00 7.251047894830833229e-01
3.755009079405267514e+00 7.295774715133650501e-01
3.752338962778833054e+00 7.339175120795077278e-01
3.749731914267466326e+00 7.381931917578689051e-01
3.747185865415779027e+00 7.424624263573119665e-01
3.744710853869791745e+00 7.468050041636351555e-01
3.742318788358777848e+00 7.513206814356468977e-01
3.740006892237388136e+00 7.561051100365874245e-01
3.737775057822632974e+00 7.612622992458428772e-01
3.735669518770424968e+00 7.668883953693298450e-01
3.733652154379755839e+00 7.730877734310651617e-01
3.731732744906500976e+00 7.799385380538296220e-01
3.729923827530352121e+00 7.875337516767260126e-01
3.728206998521497617e+00 7.959228347712041796e-01
3.726606018204790871e+00 8.051486190728425196e-01
3.725095862463048135e+00 8.151871080035851813e-01
3.723680967952847087e+00 8.260367753226280918e-01
3.722359014818686251e+00 8.376721541789600156e-01
3.721132138604572592e+00 8.500621151593187319e-01
3.719982206516746714e+00 8.630967481014483189e-01
3.718914518821323956e+00 8.767342851794992509e-01
3.717904866801622799e+00 8.909224831696075375e-01
3.716969775996216363e+00 9.056161400209692403e-01
3.716078471453456267e+00 9.206812019404165826e-01
3.715270976366432443e+00 9.355812873274753638e-01
3.714519901576812444e+00 9.500638276923254466e-01
3.713853840177411492e+00 9.642596332951375304e-01
3.713225987352013480e+00 9.780641825640518094e-01
3.712634408422010424e+00 9.915221134925712443e-01
3.712372384833192651e+00 9.978723021477498012e-01
