3.674094155097894721e+00 2.356383584616340343e+00
3.673430477317791709e+00 2.353506007318875604e+00
3.671767201672019088e+00 2.346282881061355852e+00
3.668745391226014174e+00 2.333099992852947224e+00
3.664426972334126731e+00 2.314095092353660732e+00
3.659775278982114965e+00 2.293313218880131288e+00
3.656091397883793892e+00 2.276415104781671861e+00
3.654000776351268964e+00 2.266346452720148008e+00
3.653141078230174088e+00 2.261833886734575305e+00
3.652915684701905974e+00 2.260367488084569665e+00
3.652880024443688534e+00 2.259917887689719240e+00
3.652884613104246725e+00 2.259626390324982914e+00
3.652906931476323837e+00 2.259056943103999515e+00
3.652962722701104781e+00 2.257653893157329339e+00
3.653099929829957571e+00 2.254195542365617033e+00
3.653431915864941981e+00 2.245785290240022380e+00
3.654154122111933578e+00 2.227488957344959886e+00
3.655064609853980517e+00 2.205446514591806739e+00
3.655926743583862049e+00 2.183090828744995271e+00
3.656824947208813459e+00 2.160901772182151959e+00
3.657722440835740940e+00 2.138777855851217158e+00
3.658570734574805083e+00 2.116462809621275643e+00
3.659410389346429593e+00 2.094183315467030848e+00
3.660272827721365196e+00 2.072047299637838069e+00
3.661101932451508389e+00 2.049807003654904314e+00
3.661965538710522328e+00 2.027733707090001225e+00
3.662753649289933300e+00 2.005409661110795216e+00
3.663582827571863376e+00 1.983286674904271907e+00
3.664402712433898479e+00 1.961164095707752741e+00
3.665226274368055925e+00 1.939057082642209995e+00
3.665986028979002498e+00 1.916741414784462583e+00
3.666786705236599886e+00 1.894663603496189008e+00
3.667534583629704859e+00 1.872388012352889319e+00
3.668293579897827783e+00 1.850220673971360696e+00
3.669041754079986006e+00 1.828042314899866128e+00
3.669834504556018562e+00 1.806079979195904350e+00
3.670574197452537657e+00 1.783933505128264541e+00
3.671284860011335027e+00 1.761733543030341798e+00
3.672021257434487929e+00 1.739671019173041566e+00
3.672725105695736847e+00 1.717530460159332195e+00
3.673419354494569244e+00 1.695414431417351819e+00
3.674093307865508695e+00 1.673253228615294130e+00
3.674801352702963708e+00 1.651282179735535260e+00
3.675469862214798322e+00 1.629168115941602935e+00
3.676151425978075871e+00 1.607172330749044642e+00
3.676801107757615483e+00 1.585065192950106949e+00
3.677407786793740918e+00 1.562853688409647557e+00
3.678039995439581933e+00 1.540797491183325540e+00
3.678682037732581289e+00 1.518815020326519827e+00
3.679276061770938355e+00 1.496688396550108102e+00
3.679919330250666754e+00 1.474798364996461109e+00
3.680485570200796364e+00 1.452626222044344217e+00
3.681101254435085401e+00 1.430714286707499783e+00
3.681661211881497753e+00 1.408593397718394868e+00
3.682192428405859363e+00 1.386430309974033159e+00
3.682752937787515002e+00 1.364428344496481760e+00
3.683291885642857366e+00 1.342371308807384089e+00
3.683819730033471629e+00 1.320323733839700697e+00
3.684321626228252988e+00 1.298214445943098871e+00
3.684828197089172086e+00 1.276174615451978633e+00
3.685325438114956054e+00 1.254125980473617563e+00
3.685820328966843196e+00 1.232115495100926106e+00
3.686272510178947748e+00 1.209955866438169325e+00
3.686700352521848689e+00 1.187760368746936246e+00
3.687169450817671112e+00 1.165765786560767792e+00
3.687602669265344080e+00 1.143663188107935325e+00
3.687992271190220439e+00 1.121434196476627898e+00
3.688427662946855534e+00 1.099413435676774853e+00
3.688804448869751784e+00 1.077208381293001338e+00
3.689165563845904217e+00 1.054988686458834035e+00
3.689562482535513777e+00 1.032928322404057742e+00
3.689892673988769189e+00 1.010656160680209803e+00
3.690259450063638536e+00 9.885758564383293479e-01
3.690555694138034415e+00 9.662346926575704487e-01
3.690866532624732965e+00 9.440076116316278299e-01
3.691169375332112423e+00 9.217713854992596323e-01
3.691421385161727464e+00 8.993653360467459557e-01
3.691653150427764096e+00 8.769360557158691893e-01
3.691896493093802523e+00 8.545958565842466381e-01
3.692134861275123026e+00 8.322781488074122436e-01
3.692313002658163867e+00 8.097603883478854403e-01
3.692523965605536418e+00 7.874143104364424994e-01
3.692685577542322406e+00 7.649210070677866513e-01
3.692829225827774842e+00 7.423888798938024225e-01
3.693009357379959834e+00 7.200248945867114836e-01
3.693140603942324685e+00 6.975031703014675788e-01
3.693224011203492196e+00 6.748414687332329187e-01
3.693287291391539107e+00 6.521451383673246838e-01
3.693375924376107289e+00 6.295900990228001648e-01
3.693421376839590042e+00 6.068961556935481561e-01
3.693429571473407780e+00 5.840947429219728315e-01
3.693413314739501629e+00 5.612447320625301161e-01
3.693428727374056031e+00 5.385659976211273348e-01
3.693377298275454912e+00 5.156429381561205005e-01
3.693297998488669798e+00 4.926652120553723924e-01
3.693215914144944101e+00 4.697138204562810171e-01
3.693127238359470876e+00 4.467775848811418316e-01
3.692987930961213028e+00 4.236795505807047779e-01
3.692811159780464259e+00 4.004854566185762077e-01
3.692632318126234381e+00 3.773225942138463407e-01
3.692481455846917893e+00 3.543079529766140490e-01
3.692266242084405015e+00 3.310920196561584206e-01
3.692017556986288973e+00 3.078039214230247067e-01
3.691746115538092177e+00 2.845010903055439910e-01
3.691458880307002310e+00 2.612196042196309742e-01
3.691188457672870182e+00 2.380850684496672587e-01
3.690917994773641908e+00 2.150278900329680998e-01
3.690605190493474463e+00 1.919065647460851121e-01
3.690289525469354182e+00 1.688874329572450927e-01
3.689996682945946294e+00 1.460797317801369732e-01
3.689688008674075981e+00 1.233229764970308756e-01
3.689394715823296256e+00 1.007687374662065566e-01
3.689114077199758590e+00 7.842564373000858458e-02
3.688858544011133223e+00 5.635994357382012598e-02
3.688643801673443079e+00 3.463672914251832158e-02
3.688478126148334812e+00 1.331840201239430782e-02
3.688364319872179387e+00 -7.555693635299378687e-03
3.688310509589430630e+00 -2.792786978693461916e-02
3.688341009043652807e+00 -4.770068861794399956e-02
3.688477943968364148e+00 -6.673011121704815196e-02
3.688739384090195195e+00 -8.489511080123596232e-02
3.689189175063303683e+00 -1.019206755319340268e-01
3.689785142434493626e+00 -1.179007351739586318e-01
3.690619991944904754e+00 -1.323937923057387223e-01
3.691693600524688090e+00 -1.453405551180100563e-01
3.693071026740675666e+00 -1.563705652338947816e-01
3.694812194251575477e+00 -1.651331708354698280e-01
3.697003156653712708e+00 -1.711448169847034906e-01
3.699661409217327002e+00 -1.741700695219361161e-01
3.702905584181846788e+00 -1.735641775925500785e-01
3.706710458015771703e+00 -1.692690476286525247e-01
3.711152021693318037e+00 -1.609005293633472000e-01
3.716103794832301688e+00 -1.488926289666715475e-01
3.721327636703551267e+00 -1.343993250824302155e-01
3.726629470928449539e+00 -1.185961602296672357e-01
3.731955447302614637e+00 -1.022569925355002879e-01
3.737149296925449615e+00 -8.650059191821787841e-02
3.742218726710864640e+00 -7.160938481255116339e-02
3.747168092949529239e+00 -5.792536871902652373e-02
3.751950458744292227e+00 -4.575332346221520213e-02
3.756567577991391627e+00 -3.504345947003582873e-02
3.761052054437289627e+00 -2.576210031928613184e-02
3.765372218020591966e+00 -1.791732802109933034e-02
3.769577007626693010e+00 -1.137962392319319914e-02
3.773629056876465437e+00 -6.125661479464359835e-03
3.777575539280242367e+00 -2.121557203122790333e-03
3.781382672308509552e+00 6.011299602756076717e-04
3.785050716760305356e+00 1.938925207216848478e-03
3.788558852871419358e+00 1.623893240244512169e-03
3.791822165628848662e+00 -9.078430392616094547e-04
3.794730208223655588e+00 -6.638194160607668697e-03
3.797035900877550052e+00 -1.721730030770435987e-02
3.798422205051602329e+00 -3.512352648193280830e-02
3.798366841186432197e+00 -6.367194596303486775e-02
3.796451219978746128e+00 -1.033146390731178033e-01
3.793257098740666411e+00 -1.445848993502656943e-01
3.791124627854252527e+00 -1.670547270736581491e-01
3.790426103815305314e+00 -1.737538091618749392e-01
3.789751656158111714e+00 -1.798846799671184049e-01
3.787692448871602835e+00 -1.941492372601778815e-01
3.787273946338129971e+00 -1.903508441014520325e-01
3.786791190464844803e+00 -1.862933736014688868e-01
3.786705382984615564e+00 -1.818857235085382384e-01
3.787057341025267920e+00 -1.756030975865488508e-01
3.788198837048303513e+00 -1.635974305367489112e-01
3.791123906335249316e+00 -1.362572143841307148e-01
3.795266285253163563e+00 -9.710566825252438250e-02
3.799226084555474614e+00 -5.768882128290249434e-02
3.802872465739708385e+00 -1.895027817002913062e-02
3.805571724931458899e+00 1.172658837306214848e-02
3.806216952817661259e+00 1.935060928723438683e-02
3.809291432787725196e+00 5.725735791242330536e-02
3.812137092463666388e+00 9.481092126033949241e-02
3.814786623760852535e+00 1.319762995440864894e-01
3.817247286019806563e+00 1.686365518925423412e-01
3.819497899678880426e+00 2.047631286100046188e-01
3.821519224429447803e+00 2.401796623984352730e-01
3.823283020801090171e+00 2.749974721237575803e-01
3.824771119427842425e+00 3.093415540020507670e-01
3.825932325305659187e+00 3.430574902972986506e-01
3.826706460418583866e+00 3.763878883555700217e-01
3.826965428513111167e+00 4.098427541268076513e-01
3.826630010561537620e+00 4.393477037406597341e-01
3.826280029568413621e+00 4.519960365308218209e-01
3.825973355152179067e+00 4.602872705690887467e-01
3.825639012897289248e+00 4.679278723001754625e-01
3.825275067575742760e+00 4.751128880025923817e-01
3.824883345139420410e+00 4.818657069120949599e-01
3.824474469984092906e+00 4.882308267599390628e-01
3.824037593416377501e+00 4.942240939881267781e-01
3.823598313200525123e+00 4.998827433926481545e-01
3.823148563406195244e+00 5.052320555336284880e-01
3.822692780662975576e+00 5.102888962778713289e-01
3.821801950459237318e+00 5.193029092864683838e-01
3.819770308948233772e+00 5.369700816319393777e-01
3.817270912989789267e+00 5.547582712309268027e-01
3.814590826188798633e+00 5.707494317838648357e-01
3.811785849620537459e+00 5.851853862339482237e-01
3.808877037514074360e+00 5.983600445795981271e-01
3.805898649595489402e+00 6.104532836339026103e-01
3.802867158583491669e+00 6.215834708151929400e-01
3.799826429030715769e+00 6.318773048624146682e-01
3.796780561910748641e+00 6.414561762864151584e-01
3.793708379378915474e+00 6.503881715717202416e-01
3.790665790212575104e+00 6.587451622607476409e-01
3.787634863656011763e+00 6.666095048845674942e-01
3.784604740537743872e+00 6.740402855903838697e-01
3.781603105331494685e+00 6.810656079303188948e-01
3.778609054342191076e+00 6.877191582822264060e-01
3.775640190339119240e+00 6.940265184717083757e-01
3.772694222812558174e+00 7.000109411026596007e-01
3.769782281825543535e+00 7.056930390869338154e-01
3.766895615416886667e+00 7.110897155546197501e-01
3.765755188434672274e+00 7.131688120089293426e-01
3.764055748651675248e+00 7.162133481942568602e-01
3.761246819754595627e+00 7.210998937042978341e-01
3.758465660641397310e+00 7.257804871894179000e-01
3.755721742102102301e+00 7.302696906046807213e-01
3.753042878649261560e+00 7.346173564533443612e-01
3.750408327471379533e+00 7.388757998372545988e-01
3.747847416298763612e+00 7.431055114955790186e-01
3.745359917213455514e+00 7.474017376557009484e-01
3.742923143300383337e+00 7.518426276762609772e-01
3.740585053181411990e+00 7.565302194309581063e-01
3.738344481535450292e+00 7.615821688731432282e-01
3.736173087871796028e+00 7.670717541571410170e-01
3.734131084969191328e+00 7.731376588636946767e-01
3.732181153215302860e+00 7.798630651367032263e-01
3.730323805888881239e+00 7.872962773665942438e-01
3.728588269063496163e+00 7.955289544278060232e-01
3.726937708569451502e+00 8.045707583022763121e-01
3.725414180874055514e+00 8.144535196898415874e-01
3.723981125298508221e+00 8.251384270874781990e-01
3.722627482998130954e+00 8.365963782086222045e-01
3.721381291538670144e+00 8.488517035442454395e-01
3.720200232423037434e+00 8.617912126994242694e-01
3.719122376941099262e+00 8.753660483424604566e-01
3.718105459139758207e+00 8.895031029944869827e-01
3.717148628429082002e+00 9.041078707653533719e-01
3.716231801328305107e+00 9.190615653240220562e-01
3.715414707355153556e+00 9.339663362364438726e-01
3.714673825493398862e+00 9.485305800083377870e-01
3.713986272043445336e+00 9.627431334593264944e-01
3.713349578019352837e+00 9.765780490165691941e-01
3.712753550716906936e+00 9.901058029095736179e-01
3.712208377446209795e+00 1.003332511380701897e+00
3.711687628548546503e+00 1.016245749644467455e+00
3.711193048619012558e+00 1.028867310499332666e+00
3.710719179594558437e+00 1.041189544253509736e+00
3.710269696513695870e+00 1.053247682702900034e+00
3.709838365935325122e+00 1.065060628082090677e+00
3.709420367552843434e+00 1.076635453961973132e+00
3.709028350389260265e+00 1.087964564105625476e+00
3.708632866566198505e+00 1.099084873920173955e+00
3.708258673814297079e+00 1.109974025740032122e+00
3.707902961611023951e+00 1.120680180698750306e+00
3.707819298091636462e+00 1.123172610615327249e+00
