3.674170833905314293e+00 2.360661875852224867e+00
3.673505727212752703e+00 2.357777973109590697e+00
3.671844937042981982e+00 2.350564273748219524e+00
3.668815402512358048e+00 2.337347192899529524e+00
3.664478687587840788e+00 2.318263845518012900e+00
3.659824269688969789e+00 2.297465108657517074e+00
3.656139447572850365e+00 2.280556552990925745e+00
3.654022908097038336e+00 2.270374766386513699e+00
3.653160887541263779e+00 2.265847079404101017e+00
3.652934391640455747e+00 2.264371447588532149e+00
3.652898322951316779e+00 2.263916449617713322e+00
3.652902909802735021e+00 2.263622876894812563e+00
3.652925403260395498e+00 2.263051218235430539e+00
3.652981630669555280e+00 2.261642874715716900e+00
3.653119842514032101e+00 2.258171363193006265e+00
3.653453755069885567e+00 2.249728036019280619e+00
3.654184209440502151e+00 2.231425477392217971e+00
3.655049082963033324e+00 2.209205691761945367e+00
3.655946068389523962e+00 2.186987049187199439e+00
3.656846188133929143e+00 2.164813003677905190e+00
3.657699574533483489e+00 2.142481044068484941e+00
3.658583000246079298e+00 2.120320351004302939e+00
3.659419906585866578e+00 2.098005247229190129e+00
3.660326874501693251e+00 2.075997349791726343e+00
3.661133123370548859e+00 2.053631532984367958e+00
3.661960915786227400e+00 2.031406685440881432e+00
3.662808093808792353e+00 2.009290242425969097e+00
3.663600307116648747e+00 1.986985282279186027e+00
3.664439695719935663e+00 1.964895847865809175e+00
3.665253892919403178e+00 1.942757556012167264e+00
3.666060010669846214e+00 1.920598881598328145e+00
3.666807671660996526e+00 1.898281944150904010e+00
3.667562423287802353e+00 1.876038760409212802e+00
3.668381486317875861e+00 1.854074564027588634e+00
3.669103160667147812e+00 1.831761989237481680e+00
3.669839342949875682e+00 1.809573435161870414e+00
3.670589942191850863e+00 1.787483554462394819e+00
3.671317902277156708e+00 1.765340977665579736e+00
3.672099551539135032e+00 1.743458792565755644e+00
3.672782440432399209e+00 1.721196827340814028e+00
3.673459395625172430e+00 1.698990214812424737e+00
3.674173476526902515e+00 1.676960845257779109e+00
3.674844807049311601e+00 1.654813212171161840e+00
3.675505587756672021e+00 1.632676218422607572e+00
3.676221602531156929e+00 1.610781004255768867e+00
3.676851737236349837e+00 1.588579413503110160e+00
3.677488880416067918e+00 1.566468619580014598e+00
3.678113926675858458e+00 1.544350066872947735e+00
3.678745631462251087e+00 1.522295513876424033e+00
3.679402822795196926e+00 1.500398516252135384e+00
3.679987138419811288e+00 1.478214140718207892e+00
3.680586938377059525e+00 1.456154533404005136e+00
3.681129186726355140e+00 1.433918919503742728e+00
3.681740387297405714e+00 1.411992003640525573e+00
3.682286136485164452e+00 1.389861634621619935e+00
3.682848881832627708e+00 1.367842943422313828e+00
3.683399562819124284e+00 1.345795357050198815e+00
3.683943941750382756e+00 1.323764656704222276e+00
3.684436404212374061e+00 1.301563756379201298e+00
3.684947892391512436e+00 1.279502790181492156e+00
3.685446302964775711e+00 1.257417109608962580e+00
3.685893285408356146e+00 1.235182264620834358e+00
3.686373913069802111e+00 1.213123814936303058e+00
3.686826586364254421e+00 1.190996737827866525e+00
3.687251033667721778e+00 1.168802042313080936e+00
3.687736749240186462e+00 1.146853514057511569e+00
3.688172467352345940e+00 1.124770082825764739e+00
3.688556378985753170e+00 1.102509901136301318e+00
3.688924447495248948e+00 1.080252726207665770e+00
3.689323214100274306e+00 1.058153366193481437e+00
3.689676974075679627e+00 1.035926005923377247e+00
3.690029439596605787e+00 1.013722964861199172e+00
3.690376531180953101e+00 9.915485383570521449e-01
3.690667112340133116e+00 9.691772336512722852e-01
3.690972130173251653e+00 9.469118941908690745e-01
3.691306799499908475e+00 9.248134121444477884e-01
3.691563585628251598e+00 9.024027393093160265e-01
3.691848963904733605e+00 8.801444242308390509e-01
3.692077950639680139e+00 8.577202053286724359e-01
3.692322913081178548e+00 8.354136308443296244e-01
3.692516258844427135e+00 8.129273228414920505e-01
3.692709235519560540e+00 7.904893385166507080e-01
3.692886402641776478e+00 7.680310311452925864e-01
3.693059766024853641e+00 7.455944604190144487e-01
3.693186203674850621e+00 7.229910201090977706e-01
3.693318060752318388e+00 7.004574123429992971e-01
3.693401111548152649e+00 6.777785876730376691e-01
3.693464821066406056e+00 6.550687494728654192e-01
3.693559748086403083e+00 6.325177075501781099e-01
3.693594447879926967e+00 6.097735143895069987e-01
3.693596506375852684e+00 5.869447026178822302e-01
3.693603050105781271e+00 5.641834974516873880e-01
3.693618324634013295e+00 5.414827138168990528e-01
3.693581415999167117e+00 5.186259374920534349e-01
3.693502731036844899e+00 4.956373023175414949e-01
3.693426561608088132e+00 4.727020210817264867e-01
3.693341830038897378e+00 4.497712158137228133e-01
3.693206264435598296e+00 4.266787688623860930e-01
3.693033000944130340e+00 4.034897065698082597e-01
3.692872432001641059e+00 3.803905418866818655e-01
3.692728314050221172e+00 3.573869972905635017e-01
3.692512009048553701e+00 3.341341209012924640e-01
3.692275810830254912e+00 3.108771701227534545e-01
3.692021202811371250e+00 2.876248010744051342e-01
3.691749203871331542e+00 2.643830514245908425e-01
3.691462422137347765e+00 2.411735125724890627e-01
3.691160787016300127e+00 2.180039733154865988e-01
3.690881946823167503e+00 1.950280196786159381e-01
3.690574608006643942e+00 1.720385417307890852e-01
3.690270886728568733e+00 1.491933043951365612e-01
3.689968083103561725e+00 1.264849449145567795e-01
3.689678276975713711e+00 1.039791718673121201e-01
3.689441510640280697e+00 8.183133393310686177e-02
3.689195309001874534e+00 5.981296231492377879e-02
3.688986405506056165e+00 3.814082518002825245e-02
3.688837324303746001e+00 1.691935318943181207e-02
3.688742052966464069e+00 -3.846426321723243110e-03
3.688692127757843053e+00 -2.416088463483736029e-02
3.688788208153829462e+00 -4.360725094982869504e-02
3.688955938370079846e+00 -6.246268800983312969e-02
3.689255970397062878e+00 -8.042584061406797546e-02
3.689714603493965406e+00 -9.733507934439526721e-02
3.690358217138150820e+00 -1.130328063709165054e-01
3.691222398887338496e+00 -1.273091240608382191e-01
3.692354092077476668e+00 -1.398933749748622613e-01
3.693809108014823206e+00 -1.504756773527042568e-01
3.695621844017435098e+00 -1.587907193552009488e-01
3.697914708215995550e+00 -1.642062311005620667e-01
3.700678338418907032e+00 -1.665670288867479309e-01
3.704009276330371137e+00 -1.653192798919487227e-01
3.707964573455168278e+00 -1.600938576409048630e-01
3.712518382269887507e+00 -1.509146672983083526e-01
3.717560668862704532e+00 -1.381602518463161955e-01
3.722803833246605354e+00 -1.232572211860948480e-01
3.728132396445108299e+00 -1.071575486147303552e-01
3.733400807788029407e+00 -9.090016796987789027e-02
3.738569378655419939e+00 -7.515835606645247802e-02
3.743613086710506632e+00 -6.041718303105386711e-02
3.748518532635504830e+00 -4.695364252941765931e-02
3.753256315413548094e+00 -3.500766765326947250e-02
3.757825722117721146e+00 -2.456255523244095171e-02
3.762275156674210752e+00 -1.548715316902322253e-02
3.766568277606784143e+00 -7.820010250682183847e-03
3.770739293660834157e+00 -1.440592590689214860e-03
3.774772018535608176e+00 3.670837100992298437e-03
3.778685400148319218e+00 7.560514287943697481e-03
3.782463248545266499e+00 1.020613544989572297e-02
3.786114193498075764e+00 1.150084892788658456e-02
3.789617648295734664e+00 1.117236540336816186e-02
3.792894659749900477e+00 8.658454171458929843e-03
3.795789289780983733e+00 2.968684624766146449e-03
3.798138330924534678e+00 -7.490503872320569863e-03
3.799557148954159747e+00 -2.518567929170943340e-02
3.799581179937876918e+00 -5.332017570401711287e-02
3.797762477150800287e+00 -9.254443941914193561e-02
3.794683860588335733e+00 -1.335041783200626164e-01
3.791898486074309904e+00 -1.627788725464666408e-01
3.791226421663302926e+00 -1.690032726750980707e-01
3.789041073028964313e+00 -1.846326446535486165e-01
3.788590528603496210e+00 -1.809504373735686678e-01
3.788114900784283812e+00 -1.768572183804008324e-01
3.788024122225744694e+00 -1.724682067611077452e-01
3.788359406528146955e+00 -1.662886980275275761e-01
3.789467587362135514e+00 -1.545245750316950606e-01
3.792322698001030279e+00 -1.277438736088262750e-01
3.796430204841213296e+00 -8.883796683427207241e-02
3.800366143470588653e+00 -4.958702281679787383e-02
3.804001400673294508e+00 -1.096506038276535457e-02
3.806696316159879689e+00 1.967225277280798199e-02
3.807340832064419534e+00 2.728523034202998132e-02
3.810412614618698068e+00 6.512124196556877409e-02
3.813254804295113765e+00 1.026347707973138679e-01
3.815900591878396142e+00 1.395901996736126638e-01
3.818362449175435991e+00 1.760919360238687170e-01
3.820619892369132131e+00 2.119808205633688658e-01
3.822651803798040149e+00 2.472200963999440226e-01
3.824437931737840302e+00 2.819972648495466250e-01
3.825953071173234132e+00 3.163907180631811422e-01
3.827130642924889248e+00 3.501016891006065168e-01
3.827918532985087552e+00 3.833079741288183406e-01
3.828198500045814523e+00 4.169784530050067439e-01
3.827865057074824495e+00 4.467295739029392143e-01
3.827507757363760366e+00 4.594449237636420436e-01
3.827197668575152090e+00 4.676914242276200562e-01
3.826861558825637832e+00 4.752815995221779666e-01
3.826490811319008589e+00 4.824127208812786227e-01
3.826100074405474061e+00 4.891322023294580323e-01
3.825682614578131968e+00 4.954555182134394720e-01
3.825253964466451162e+00 5.014157130521698091e-01
3.824813891813004130e+00 5.070394432543242624e-01
3.824359866836593014e+00 5.123524912134195253e-01
3.823875650596476383e+00 5.176052169901285138e-01
3.822767091459482458e+00 5.285775014901095137e-01
3.820550124971872741e+00 5.469942954095744492e-01
3.817964386364370633e+00 5.645893133633785865e-01
3.815204048253650893e+00 5.803692810355306486e-01
3.812331352565792919e+00 5.945865417081100945e-01
3.809376665149339480e+00 6.074832084365552332e-01
3.806361507490322094e+00 6.193182270405612755e-01
3.803306666585280826e+00 6.302421794908946717e-01
3.800238815237104717e+00 6.403322576787835452e-01
3.797162774377769612e+00 6.497048823051009281e-01
3.794098396120344940e+00 6.584659868242072056e-01
3.791032931390233784e+00 6.666822208570601926e-01
3.787975000258613889e+00 6.744055626839421391e-01
3.784952983501658874e+00 6.816832158029949573e-01
3.781940806779461539e+00 6.885829327324692883e-01
3.778949341262741513e+00 6.951307025061929101e-01
3.775968224640607218e+00 7.013342796579329352e-01
3.773021643522014301e+00 7.072334101176438459e-01
3.770080461014434725e+00 7.128375713111173573e-01
3.767185224524627341e+00 7.181531483195381371e-01
3.766607514444276550e+00 7.191834047603352653e-01
3.764330139141289333e+00 7.231967342486191885e-01
3.761503176669461990e+00 7.280069710486151147e-01
3.758716533638152946e+00 7.325927680597720260e-01
3.755968337717574101e+00 7.369999114476344371e-01
3.753279920200652153e+00 7.412514851709558483e-01
3.750647716053786773e+00 7.454098619500411083e-01
3.748070934528311415e+00 7.495456411277825470e-01
3.745569522256775752e+00 7.537199555240429172e-01
3.743144377460205785e+00 7.580364244407581387e-01
3.740790298999645991e+00 7.625845713486131272e-01
3.738545396833427237e+00 7.674895833883237373e-01
3.736380452051045076e+00 7.728306759091808642e-01
3.734322023027112802e+00 7.787124798755437061e-01
3.732369719391841034e+00 7.852467924023850410e-01
3.730513234988150018e+00 7.924951690473762689e-01
3.728770561133537775e+00 8.005402860083973282e-01
3.727112438645943993e+00 8.093786606467398004e-01
3.725565881022219639e+00 8.190572808469738231e-01
3.724122985988487677e+00 8.295487318851454406e-01
3.722782830713537550e+00 8.408712144849275205e-01
3.721521218087010308e+00 8.529546658975010187e-01
3.720333670463724651e+00 8.657207148114006712e-01
3.719243376455898087e+00 8.791087837381533765e-01
3.718204966078946239e+00 8.930980417406184646e-01
3.717254230651501512e+00 9.075727534092967730e-01
3.716355273151546790e+00 9.224857496146233737e-01
3.715493139401438771e+00 9.374347516041304784e-01
3.714744928161171966e+00 9.520505414391963184e-01
3.714061555138832738e+00 9.663039297673458039e-01
3.713417270154403038e+00 9.802215330805782445e-01
3.712818403353620234e+00 9.937649813652003061e-01
3.712268543771584106e+00 1.007004518607259813e+00
3.711730784083316248e+00 1.019945297651246863e+00
3.711237179029384325e+00 1.032554547562381630e+00
3.710758850707295942e+00 1.044870417838922094e+00
3.710309645532881007e+00 1.056983909790802034e+00
3.709867388977572844e+00 1.068845595991748221e+00
3.709435944771127591e+00 1.080424076816903556e+00
3.709039453312364731e+00 1.091793119870417161e+00
3.708660930295270219e+00 1.102928379001878012e+00
3.708282834423121344e+00 1.113840046721350729e+00
3.707919188936172450e+00 1.124534592067544247e+00
3.707559817027059612e+00 1.135075268640221013e+00
3.707219637228359232e+00 1.145430623566781270e+00
3.706872831263361867e+00 1.155580876780960775e+00
3.706553568706800750e+00 1.165560186480603111e+00
3.706239711589834229e+00 1.175373517488113695e+00
3.705918264502869430e+00 1.185063354513897105e+00
3.705608400270076430e+00 1.194578328172185122e+00
3.705307274647419380e+00 1.203900663194541476e+00
3.705015922058871425e+00 1.213139115317790173e+00
3.704725887332394496e+00 1.222202526891009722e+00
3.704443176826429429e+00 1.231132573601432467e+00
3.704153676303292286e+00 1.239962305112326968e+00
3.703867161398303409e+00 1.248689199970761887e+00
3.703599845137321545e+00 1.257236786547819118e+00
3.703332578661942875e+00 1.265674766077356850e+00
3.703061288718523247e+00 1.274036779205712788e+00
3.702804655752489627e+00 1.282273405930506538e+00
3.702546698656139501e+00 1.290387053598263334e+00
3.702283035661206423e+00 1.298402468427953815e+00
3.702030521375348826e+00 1.306364055503466792e+00
3.701776241399543199e+00 1.314181514015398289e+00
3.701537001288406348e+00 1.321905212484422831e+00
3.701290334320205044e+00 1.329567730166774986e+00
3.701056878599978894e+00 1.337113531174846992e+00
3.700823118221801877e+00 1.344552149417295617e+00
3.700570612037060059e+00 1.351961908061349860e+00
3.700325673659630610e+00 1.359247426087626387e+00
3.700086062809643916e+00 1.366505314027649520e+00
3.699868744548150623e+00 1.373613166847445166e+00
3.699644742828605448e+00 1.380698216493137398e+00
3.699430332642150709e+00 1.387652272299633616e+00
3.699203444291348841e+00 1.394603403958615706e+00
3.698992128992857786e+00 1.401407811415275928e+00
3.698763499086098694e+00 1.408223082556238737e+00
3.698547033128537720e+00 1.414958592177270047e+00
3.698340282784410959e+00 1.421568947540782668e+00
3.698127314090660089e+00 1.428184508029015198e+00
3.697915510429824693e+00 1.434737498639689024e+00
3.697708389685747665e+00 1.441124905209467899e+00
3.697500038084680529e+00 1.447554759430628613e+00
3.697283968821248656e+00 1.453880716949380147e+00
3.697080695262069394e+00 1.460099324044167757e+00
3.696866674238358019e+00 1.466310158876159120e+00
3.696666187410708293e+00 1.472500152005091323e+00
3.696466970280048780e+00 1.478627066662451250e+00
3.696261882834781076e+00 1.484654092300730532e+00
3.696061800717317603e+00 1.490647948672334744e+00
3.695867802788385781e+00 1.496573318142785824e+00
3.695674486180024587e+00 1.502486357628936453e+00
3.695478028928158132e+00 1.508328877247945288e+00
3.695275297421882765e+00 1.514043389536139372e+00
3.695086303405441086e+00 1.519799092484342307e+00
3.694899028533225049e+00 1.525503365871683004e+00
3.694712327154549669e+00 1.531163946418424349e+00
3.694515104975511388e+00 1.536785569267375307e+00
3.694330600654660124e+00 1.542352486232758890e+00
3.694157280286626932e+00 1.547780784722351699e+00
3.693972915747242514e+00 1.553280555069744828e+00
3.693772858461549902e+00 1.558708026433939464e+00
3.693593304258294907e+00 1.564120144986106853e+00
3.693412913341802550e+00 1.569467782158289415e+00
3.693235976796755526e+00 1.574770026052062066e+00
3.693040587835915822e+00 1.580578115316356946e+00
3.692852929483247504e+00 1.585778798667920153e+00
3.692681701973358432e+00 1.590901381910807322e+00
3.692514380997714785e+00 1.596024882005315337e+00
3.692333542530715107e+00 1.601119093927895198e+00
3.692161645303074557e+00 1.606215394928260487e+00
3.691991538940464945e+00 1.611245722342426356e+00
3.691815671494349083e+00 1.616221616633919833e+00
3.691647034062127020e+00 1.621202745000232204e+00
3.691479240929875782e+00 1.626090572640532805e+00
3.691294464837114209e+00 1.631476940309679380e+00
3.691124365476407654e+00 1.636281390144210368e+00
3.690961117189785146e+00 1.641038665231486560e+00
3.690798375711120460e+00 1.645822075212848734e+00
3.690636132003298098e+00 1.650579427203578531e+00
3.690474711264062790e+00 1.655305111804753038e+00
3.690293829749103693e+00 1.660012403264043979e+00
3.690137728211222434e+00 1.664670615420956734e+00
3.689979484270590859e+00 1.669304277355967425e+00
3.689817887225403048e+00 1.673895845829001194e+00
3.689661046791512966e+00 1.678463353364219479e+00
3.689490287490496456e+00 1.682978193301280845e+00
3.689334423208097569e+00 1.687510042505532049e+00
3.689179271980936203e+00 1.692002164837869360e+00
3.689025403058618924e+00 1.696445028769512975e+00
3.688865079150227988e+00 1.700868556541573318e+00
3.688710514333532142e+00 1.705268625602951893e+00
3.688546699058032008e+00 1.709618713180940164e+00
3.688395763416486783e+00 1.713936974053061446e+00
3.688245688055262317e+00 1.718244775614514275e+00
3.688095085873601686e+00 1.722551434015625826e+00
3.687945534606341003e+00 1.726818078724100314e+00
3.687789232536563766e+00 1.731036112807938787e+00
3.687641508189333006e+00 1.735241310617460675e+00
3.687486284852830476e+00 1.739423140498706832e+00
3.687339743321038199e+00 1.743584869263150816e+00
3.687193374064451579e+00 1.747727242839960615e+00
3.687036365778231239e+00 1.751818579123581854e+00
3.686892506754370302e+00 1.755893959250676595e+00
3.686740085186315685e+00 1.759967316937915305e+00
3.686597780991784479e+00 1.763995479827761503e+00
3.686444241010553569e+00 1.768011952090201122e+00
3.686302334794302915e+00 1.772011328328204405e+00
3.686154523471651068e+00 1.775972956284741944e+00
3.686015057102560277e+00 1.779914397592120334e+00
3.685875025607227240e+00 1.783853238547986386e+00
3.685732108560695330e+00 1.787735319581133853e+00
3.685593783949528746e+00 1.791607403611247706e+00
3.685452152670738446e+00 1.795492824870496218e+00
3.685315529417701796e+00 1.799300246406907222e+00
3.685178354816630364e+00 1.803110755421668099e+00
3.685022442172875223e+00 1.806884827918091130e+00
3.684887199941206504e+00 1.810652746774187749e+00
3.684745309682092351e+00 1.814432819581594192e+00
3.684611989605779403e+00 1.818149800888523515e+00
3.684478981222368166e+00 1.821849260828356298e+00
3.684345851473435296e+00 1.825546873013597748e+00
3.684205103050127939e+00 1.829209875647503258e+00
3.684053211302778408e+00 1.833256236433872921e+00
3.683926582838795039e+00 1.836802159130773493e+00
3.683798474704923276e+00 1.840403983957762835e+00
3.683669007775077553e+00 1.843998454253399144e+00
3.683538752006804806e+00 1.847600540834774430e+00
3.683403356158415853e+00 1.851150569884936425e+00
3.683251753559389385e+00 1.855074093793004142e+00
3.683117044889562930e+00 1.858539799469941745e+00
3.682992367687288660e+00 1.862000282720025268e+00
3.682866249674134007e+00 1.865479969663477400e+00
3.682725298764365274e+00 1.869332002673655291e+00
3.682593316615645040e+00 1.872741058890089239e+00
3.682455977787547852e+00 1.876500825295947861e+00
3.682334470668450876e+00 1.879844806467465101e+00
3.682212177958009480e+00 1.883201027515449155e+00
3.682078172392053261e+00 1.886853425484319891e+00
3.681945265929675859e+00 1.890278350199760427e+00
3.681824476733424056e+00 1.893598107819030263e+00
3.681700768345704144e+00 1.896912934222609426e+00
3.681577075212520977e+00 1.900222873852939420e+00
3.681456602792406940e+00 1.903517482583826137e+00
3.681322960270265288e+00 1.907149010580858173e+00
3.681206506446975446e+00 1.910342426934993787e+00
3.681068245241242209e+00 1.913923817010248163e+00
3.680950961321265869e+00 1.917091485293335840e+00
3.680833338791592801e+00 1.920274143141659673e+00
3.680704569545362403e+00 1.923478401625060341e+00
3.680586916827738087e+00 1.926666379736937884e+00
3.680450010448385267e+00 1.930182833743638415e+00
3.680335402188917637e+00 1.933304259761979171e+00
3.680220150741942309e+00 1.936401746475523433e+00
3.680104807586642490e+00 1.939515970698203473e+00
3.679982096582811391e+00 1.942656145778215881e+00
3.679867221087475215e+00 1.945749142716056257e+00
3.679743681838506753e+00 1.948830319559852420e+00
3.679614493114763185e+00 1.952235049170340186e+00
3.679503225854801940e+00 1.955219072497518917e+00
3.679387824175806010e+00 1.958225113668396578e+00
3.679274562972817186e+00 1.961273723893013132e+00
3.679151004393587332e+00 1.964548729012177475e+00
3.679034013724360008e+00 1.967587749150932375e+00
3.678915770235167138e+00 1.970523240393422970e+00
3.678804304831083893e+00 1.973492778829738947e+00
3.678672616506855952e+00 1.976784399990753949e+00
3.678565710849353909e+00 1.979649464223979249e+00
3.678456916620663542e+00 1.982549386254924828e+00
3.678317742067451324e+00 1.985799226337735535e+00
3.678213051130199140e+00 1.988626404735946762e+00
3.678090767555790119e+00 1.991829600709286829e+00
3.677985776868637924e+00 1.994630786706666825e+00
3.677866650801158599e+00 1.997709667902248576e+00
3.677757492642749426e+00 2.000609920265385089e+00
3.677652385354848619e+00 2.003399758367481187e+00
3.677545982747965514e+00 2.006213431961692439e+00
3.677419800074325895e+00 2.009344801549738158e+00
3.677301107978074857e+00 2.012171072905173386e+00
3.677190150448422568e+00 2.015111922786809284e+00
3.677088099993764736e+00 2.017819801516679945e+00
3.676983784408246247e+00 2.020575715382612714e+00
3.676877598695063476e+00 2.023330448785218394e+00
3.676760022153613416e+00 2.026365411140397033e+00
3.676658643536108606e+00 2.029034867785901142e+00
3.676534041509473827e+00 2.031700851431030408e+00
3.676427180090986013e+00 2.034400975867698413e+00
3.676314901964504500e+00 2.037367552151572614e+00
3.676216500863216829e+00 2.039979758511125230e+00
3.676116397347533482e+00 2.042623254910266972e+00
3.675996552890120839e+00 2.045576023482852612e+00
3.675899038489803150e+00 2.048146384577687051e+00
3.675788895452332561e+00 2.051019216739032203e+00
3.675690692297682194e+00 2.053593671086250350e+00
3.675577922673078479e+00 2.056151073242649119e+00
3.675478951065002331e+00 2.058748790517946681e+00
3.675367287902228774e+00 2.061605125269506900e+00
3.675272030058130301e+00 2.064104362874577880e+00
3.675164381337587383e+00 2.066915728337406666e+00
3.675069364834375740e+00 2.069397893598061700e+00
3.674972987744459463e+00 2.071905641062212755e+00
3.674859972690360799e+00 2.074689709732486786e+00
3.674766193886231491e+00 2.077135735811292072e+00
3.674659478251756539e+00 2.079891646234497848e+00
3.674555191197137471e+00 2.082300526418090492e+00
3.674461201898475693e+00 2.084755253491496152e+00
3.674355835282677063e+00 2.087484774138251620e+00
3.674260715970770974e+00 2.089959754021361693e+00
3.674156275399464544e+00 2.092535918311808185e+00
3.674064072393521840e+00 2.094896678031486825e+00
3.673962817543097614e+00 2.097502324859212397e+00
3.673859736788227082e+00 2.099922626916088664e+00
3.673758772392809124e+00 2.102511839982672992e+00
3.673668840730612395e+00 2.104848121009562423e+00
3.673575434245525795e+00 2.107258500280712710e+00
3.673478000793334530e+00 2.109766014864682404e+00
3.673387266310281785e+00 2.112053992763732513e+00
3.673265113439496243e+00 2.114626079148201665e+00
3.673179805165642353e+00 2.116875625550633799e+00
3.673082895831820238e+00 2.119378617587015512e+00
3.672996335153466241e+00 2.121627760990755007e+00
3.672909550665657274e+00 2.123873848607725101e+00
3.672809098576837350e+00 2.126307048755671225e+00
3.672721142072614686e+00 2.128585056881699078e+00
3.672627889698639070e+00 2.130944699590494373e+00
3.672541761636960889e+00 2.133173446030201870e+00
3.672455488726858785e+00 2.135398158879351360e+00
3.672365527589811052e+00 2.137712223704361758e+00
3.672273703412530566e+00 2.139902724090319008e+00
3.672185029950322921e+00 2.142187354280179257e+00
3.672093554971378015e+00 2.144431622149769900e+00
3.672010992036416788e+00 2.146547878672725673e+00
3.671924339196362741e+00 2.148776621093319239e+00
3.671843784472637928e+00 2.150858081516696441e+00
3.671765779541767749e+00 2.152873409953485417e+00
3.671677799847157697e+00 2.154970674725040336e+00
3.671586580342804051e+00 2.157139491891190808e+00
3.671505264312480588e+00 2.159246013874899006e+00
3.671425284584051152e+00 2.161236307508023646e+00
3.671351973580355477e+00 2.163117620523220985e+00
3.671269178048285120e+00 2.165249870004791077e+00
3.671198637822590261e+00 2.167086389513977362e+00
3.671119831111024467e+00 2.169120559227674327e+00
3.671040555904207192e+00 2.170914506263592170e+00
3.670963738267401411e+00 2.172906227116540023e+00
3.670898845942640598e+00 2.174611239436697208e+00
3.670824131427518289e+00 2.176549276045022019e+00
3.670754925723179518e+00 2.178196745344300300e+00
3.670683644515949418e+00 2.180064056133513617e+00
3.670624599942458488e+00 2.181631381409716575e+00
3.670563951787051860e+00 2.183229259698643787e+00
3.670502955706087089e+00 2.184836207135723463e+00
3.670440270898716051e+00 2.186486266875698803e+00
3.670389140004089334e+00 2.187861453666563261e+00
3.670329031672164177e+00 2.189450424852201316e+00
3.670274484668412107e+00 2.190908535691809877e+00
3.670220498385067476e+00 2.192168474451689608e+00
3.670160962818249217e+00 2.193538550526808351e+00
3.670119434435217709e+00 2.194697521443379262e+00
3.670078025519286857e+00 2.195856317253307211e+00
3.670036343992950201e+00 2.197016346038173307e+00
3.669999579971928494e+00 2.198075019044279710e+00
3.669968649720724674e+00 2.198986461632591372e+00
3.669934354055029324e+00 2.199952514614717192e+00
3.669881324853420335e+00 2.200718435799889683e+00
3.669851921232860636e+00 2.201510445650030068e+00
3.669833570393535638e+00 2.202147843324579579e+00
3.669817179650828987e+00 2.202752843454906628e+00
3.669810196586114071e+00 2.203129923438418292e+00
3.669802742770648329e+00 2.203533088309424848e+00
3.669798285840664143e+00 2.203756895870229826e+00
3.669801387573592866e+00 2.203918392553665839e+00
3.669810243754875412e+00 2.203935317227983415e+00
3.669822556860567353e+00 2.203888207835818402e+00
3.669839692581535306e+00 2.203723390887309286e+00
3.669862129047265054e+00 2.203442049990835372e+00
3.669888726719521710e+00 2.203064118801194571e+00
3.669919348843563967e+00 2.202601550673927822e+00
3.669955163333101122e+00 2.202013115747056382e+00
3.669991648601805601e+00 2.201419621482392230e+00
3.670032670844472378e+00 2.200712528804636303e+00
3.670072184748028210e+00 2.200049954563154220e+00
3.670112364821779494e+00 2.199362619341134639e+00
3.670147585189252659e+00 2.198802665717612292e+00
3.670175167433641583e+00 2.198402776455076868e+00
3.670179089494181479e+00 2.198557452697415648e+00
3.670130020094482415e+00 2.199909516909817508e+00
3.670016550618806939e+00 2.202724385669277307e+00
3.669881771548761940e+00 2.206015935218139212e+00
3.669784929078994562e+00 2.208365187374961458e+00
3.669687480858567774e+00 2.210722352556831360e+00
3.669598001405784515e+00 2.212972908034354980e+00
3.669510020393730088e+00 2.215171898091870872e+00
3.669412263241760286e+00 2.217602194171540919e+00
3.669325690957232045e+00 2.219763494029883155e+00
3.669228721991472764e+00 2.222082513069030263e+00
3.669139586418503018e+00 2.224282324832211000e+00
3.669050331416566113e+00 2.226393629386782980e+00
3.668951142314634595e+00 2.228760262136484815e+00
3.668872081356393977e+00 2.230836395813547757e+00
3.668774700104787012e+00 2.232997084801764398e+00
3.668687310744542351e+00 2.235263865588300369e+00
3.668602068610545164e+00 2.237288489432331051e+00
3.668512809956070431e+00 2.239587485440887704e+00
3.668427953539869613e+00 2.241613172657304087e+00
3.668340868321564585e+00 2.243688363959573273e+00
3.668254779089690221e+00 2.245738694147520143e+00
3.668174960534683393e+00 2.247797870683461596e+00
3.668079850237985884e+00 2.250067994507083391e+00
3.667997475121235862e+00 2.252034225270054257e+00
3.667909706646053092e+00 2.254241739673526368e+00
3.667824122500463524e+00 2.256201896913396343e+00
3.667735786452062996e+00 2.258367862382135716e+00
3.667654500344491364e+00 2.260386147866257467e+00
3.667566660452949989e+00 2.262508830128759030e+00
3.667462932240538098e+00 2.264500811246985545e+00
3.667387863709233198e+00 2.266446169351500561e+00
3.667292956484331956e+00 2.268627646202784565e+00
3.667216228576936299e+00 2.270528235762153013e+00
3.667126070743623512e+00 2.272707466137238175e+00
3.667054689956846136e+00 2.274587451650067482e+00
3.666977305789656860e+00 2.276506261565672595e+00
3.666896220318499378e+00 2.278507025367477290e+00
3.666805962227679849e+00 2.280572917067703820e+00
3.666724170544977124e+00 2.282591331310308558e+00
3.666645100699168491e+00 2.284514094469764167e+00
3.666564295388148320e+00 2.286387633264503005e+00
3.666478955728445399e+00 2.288479970296506405e+00
3.666403350178882192e+00 2.290346867474296833e+00
3.666327450341849925e+00 2.292213467926940140e+00
3.666246328249389119e+00 2.294150362195897408e+00
3.666155752261808232e+00 2.296152324545633228e+00
3.666081132461255443e+00 2.297987640168531076e+00
3.665996048829542886e+00 2.300059331637485105e+00
3.665923167103915414e+00 2.301849731247556097e+00
3.665839934777802345e+00 2.303873164010689312e+00
3.665751337374025809e+00 2.305827877934073289e+00
3.665675708172601688e+00 2.307659956074943342e+00
3.665602102272496499e+00 2.309460521982942716e+00
3.665524677475464621e+00 2.311344642437318075e+00
3.665430589170893594e+00 2.313291653891348609e+00
3.665357372654666435e+00 2.315225608950775449e+00
3.665277274675970087e+00 2.317017584880502135e+00
3.665196299278389080e+00 2.318992009334734039e+00
3.665126026853127161e+00 2.320720926710351684e+00
3.665039739877581582e+00 2.322689808298849634e+00
3.664963050820439605e+00 2.324565428990787108e+00
3.664888806293090884e+00 2.326352750903205813e+00
3.664808001155378747e+00 2.328278943001885093e+00
3.664739221285902904e+00 2.329999698077657388e+00
3.664667331097006375e+00 2.331749688059869818e+00
3.664586145417246588e+00 2.333709402252385878e+00
3.664509541358211386e+00 2.335420440156852795e+00
3.664431244477565741e+00 2.337319846261085132e+00
3.664360571765580499e+00 2.339044156774450212e+00
3.664278510086611540e+00 2.340776682704420519e+00
3.664201401458159868e+00 2.342648037283165063e+00
3.664125556316804921e+00 2.344389588959557180e+00
3.664045071923120567e+00 2.346251857419508813e+00
3.663976461993788902e+00 2.347927904938003962e+00
3.663904124005334051e+00 2.349682020915556002e+00
3.663828389373501970e+00 2.351512077438798975e+00
3.663757039500484591e+00 2.353237862733854158e+00
3.663682981429552399e+00 2.355025168055771889e+00
3.663604792628525342e+00 2.356689914473834246e+00
3.663527113816978265e+00 2.358560421814079877e+00
3.663459663140906653e+00 2.360198101838792084e+00
3.663373909203850420e+00 2.362044737887857959e+00
3.663307546272952742e+00 2.363661247719586633e+00
3.663231617328603917e+00 2.365491832996328370e+00
3.663159824498824602e+00 2.367115228203558797e+00
3.663084754096785467e+00 2.368923225237224983e+00
3.663015952785713125e+00 2.370590819644919911e+00
3.662941359489315207e+00 2.372378135749229067e+00
3.662875385183664623e+00 2.373974967264862901e+00
3.662790657570899722e+00 2.375789055781711845e+00
3.662725005531483280e+00 2.377388640551923338e+00
3.662655140738362736e+00 2.379003557763224475e+00
3.662580253251262796e+00 2.380804401851980945e+00
3.662513657501730080e+00 2.382417663754085257e+00
3.662426797049839866e+00 2.384183669269746897e+00
3.662362130708531449e+00 2.385760283149120919e+00
3.662287968788385140e+00 2.387513957797186670e+00
3.662223059827487859e+00 2.389090486614016129e+00
3.662131708510691919e+00 2.390836421099599374e+00
3.662060030112209041e+00 2.392393333679174727e+00
3.661987725786875814e+00 2.394145743047731312e+00
3.661925000298964061e+00 2.395684952051867711e+00
3.661860355318624638e+00 2.397262188538789474e+00
3.661787015210590912e+00 2.399035058591021397e+00
3.661721774034497834e+00 2.400622799547641684e+00
3.661653221804485714e+00 2.402285101617025909e+00
3.661583735937568029e+00 2.403965311958622841e+00
3.661512263216875951e+00 2.405509453780903417e+00
3.661446057023674427e+00 2.407045233126198003e+00
3.661373343396517654e+00 2.408788056006094358e+00
3.661304308710378930e+00 2.410448522344720068e+00
3.661241718564871572e+00 2.411961516941472983e+00
3.661152649122039193e+00 2.413643836242707952e+00
3.661090672864927065e+00 2.415155640573860563e+00
3.661027766994243482e+00 2.416682683579583824e+00
3.660957127768249109e+00 2.418381018400108218e+00
3.660894645830043093e+00 2.419880808914049997e+00
3.660825023786089094e+00 2.421551770255765845e+00
3.660763814035201680e+00 2.423030802027708486e+00
3.660695409573620385e+00 2.424584981893584068e+00
3.660627788377129654e+00 2.426208187581033293e+00
3.660566817905607895e+00 2.427811104375728224e+00
3.660503988111075024e+00 2.429323251894528024e+00
3.660440072517235244e+00 2.430855063549667960e+00
3.660372115533372828e+00 2.432446028425423012e+00
3.660297839520934016e+00 2.433918455470712505e+00
3.660231471598281328e+00 2.435405631392344006e+00
3.660161935154528035e+00 2.437059890253469696e+00
3.660102128854135994e+00 2.438512967529065989e+00
3.660034493220815310e+00 2.440104766752266841e+00
3.659972161017952086e+00 2.441601815635287220e+00
3.659905061091407674e+00 2.443202811540249542e+00
3.659845837758472609e+00 2.444625184975399268e+00
3.659774099857548535e+00 2.446223938716976853e+00
3.659714429653819767e+00 2.447655715294641432e+00
3.659645706996951908e+00 2.449263032655719652e+00
3.659584125158848789e+00 2.450734605740619187e+00
3.659519598419425535e+00 2.452270855579951725e+00
3.659455326944289766e+00 2.453797975476478488e+00
3.659393949414071034e+00 2.455259061246637398e+00
3.659334716001199084e+00 2.456669964296802178e+00
3.659267682446884162e+00 2.458252010116905417e+00
3.659202850148155939e+00 2.459656507192077068e+00
3.659132693599409070e+00 2.461229374300051731e+00
3.659072788631469120e+00 2.462639973680533778e+00
3.659010327988672540e+00 2.464063619683034112e+00
3.658943671723218216e+00 2.465632381872644441e+00
3.658881408633900989e+00 2.467012789501758618e+00
3.658816320478322837e+00 2.468547591503870819e+00
3.658758146969469660e+00 2.469927731237838042e+00
3.658692192937671450e+00 2.471477837178238879e+00
3.658622585654344395e+00 2.472861568756717254e+00
3.658548541498743312e+00 2.474369364311536312e+00
3.658489617162273166e+00 2.475782077901764300e+00
3.658426709702375490e+00 2.477282905665064039e+00
3.658359380113117343e+00 2.478658364597190467e+00
3.658296851618996648e+00 2.480152099080581429e+00
3.658238281716571727e+00 2.481557882320024611e+00
3.658181539641288005e+00 2.482920379956798040e+00
3.658117960823792369e+00 2.484431819850489997e+00
3.658059681875480251e+00 2.485800698013204357e+00
3.657996298435316262e+00 2.487303155238595131e+00
3.657936838833669935e+00 2.488649809164342752e+00
3.657878269915447511e+00 2.490045888688964038e+00
3.657821523950913090e+00 2.491504836848449589e+00
3.657763248298121717e+00 2.492889575900711030e+00
3.657667082736209885e+00 2.494314296182305046e+00
3.657604628612979081e+00 2.495759506164384245e+00
3.657549041667377487e+00 2.497100026899259806e+00
3.657492382498504391e+00 2.498435896844207527e+00
3.657436322047056265e+00 2.499780464882339182e+00
3.657372981637466935e+00 2.501285381589406054e+00
3.657318710796122918e+00 2.502588601700437287e+00
3.657258302317873966e+00 2.504025026986979263e+00
3.657201681763399215e+00 2.505377320363227245e+00
3.657146594968426534e+00 2.506691690869359501e+00
3.657090023796743861e+00 2.508035483197311510e+00
3.657027545509753175e+00 2.509510097998282507e+00
3.656966127072873718e+00 2.510802232617224128e+00
3.656904817820239906e+00 2.512254599683159562e+00
3.656850579614256525e+00 2.513550980773675558e+00
3.656789564751460997e+00 2.514982739110917187e+00
3.656735549886687586e+00 2.516268652156442798e+00
3.656680288575021809e+00 2.517579388233838422e+00
3.656603232451943519e+00 2.518917022120874094e+00
3.656543063133568694e+00 2.520321996347909543e+00
3.656489915777406452e+00 2.521596181400059589e+00
3.656430362562786307e+00 2.523009467447799192e+00
3.656376948900237345e+00 2.524282335677795253e+00
3.656319389185183955e+00 2.525567755901177325e+00
3.656256513731793500e+00 2.526999949959840563e+00
3.656203610481197686e+00 2.528259504200828456e+00
3.656144973343830262e+00 2.529640980283842655e+00
3.656086121498815622e+00 2.530938679110715128e+00
3.656031874528749004e+00 2.532226350876678467e+00
3.655973973270257193e+00 2.533591836135540731e+00
3.655917045408503707e+00 2.534934153530981060e+00
3.655859697420228649e+00 2.536193379613274068e+00
3.655801373337444815e+00 2.537567085172166781e+00
3.655748119017514508e+00 2.538828152970385776e+00
3.655690278050006903e+00 2.540188130557730073e+00
3.655642681502607072e+00 2.541414900697623658e+00
3.655584503072244029e+00 2.542777195074825247e+00
3.655527402778339763e+00 2.544115776522012595e+00
3.655474526894620713e+00 2.545362456101846416e+00
3.655420754776320891e+00 2.546625475124681959e+00
3.655359127459882007e+00 2.547951518868584397e+00
3.655296489906618262e+00 2.549212731774451957e+00
3.655241006673691118e+00 2.550519534597313065e+00
3.655184830662554507e+00 2.551840130076241664e+00
3.655128535793874978e+00 2.553161024100913945e+00
3.655078071945518925e+00 2.554354378219314547e+00
3.655025810947587050e+00 2.555583178932873789e+00
3.654967983517690922e+00 2.556932243089587331e+00
3.654911755249403260e+00 2.558244849785928476e+00
3.654859973109835902e+00 2.559462118843774281e+00
3.654800360404215631e+00 2.560694386009309209e+00
3.654742360769083209e+00 2.561986853051065438e+00
3.654687444669010965e+00 2.563269972299444088e+00
3.654630364276957977e+00 2.564497024880274534e+00
3.654575104964151944e+00 2.565788234810159718e+00
3.654519646699101454e+00 2.567081899667979616e+00
3.654469069096495382e+00 2.568268151834300905e+00
3.654411799783574555e+00 2.569571428500120547e+00
3.654361395464407192e+00 2.570749277706494418e+00
3.654306258814611130e+00 2.572026519603007877e+00
3.654253280911483603e+00 2.573252230409465380e+00
3.654190984656800367e+00 2.574517202054873000e+00
3.654139030540889177e+00 2.575729016868372856e+00
3.654082747326411251e+00 2.576933167290224702e+00
3.654028836248726986e+00 2.578189460496025820e+00
3.653978519193112007e+00 2.579366413915155754e+00
3.653923104152894563e+00 2.580653223829768361e+00
3.653873528226276868e+00 2.581810953256269414e+00
3.653818986466526031e+00 2.583073967452525377e+00
3.653767687220002003e+00 2.584268280526158978e+00
3.653716228351937989e+00 2.585464226395761678e+00
3.653640010827530205e+00 2.586712388038796995e+00
3.653587438615002458e+00 2.587943449260755369e+00
3.653539696968590267e+00 2.589126182659156949e+00
3.653483010892972782e+00 2.590350211472470576e+00
3.653433088333754686e+00 2.591521548165869770e+00
3.653378759946360965e+00 2.592787192317076883e+00
3.653327717598838564e+00 2.593937051290722273e+00
3.653270000802800954e+00 2.595170312663372503e+00
3.653217328887120363e+00 2.596401368452312397e+00
3.653168299535378694e+00 2.597526543005512778e+00
3.653114376701715571e+00 2.598779751653208958e+00
3.653063570698261930e+00 2.599964291372344416e+00
3.653014201484451107e+00 2.601117231575896138e+00
3.652960567935975789e+00 2.602360081477171683e+00
3.652909864221164149e+00 2.603447119014556055e+00
3.652855733018172568e+00 2.604701522408543024e+00
3.652807361030064204e+00 2.605832253040981872e+00
3.652754546646482137e+00 2.607058422547264165e+00
3.652705893509263113e+00 2.608192625278472843e+00
3.652654294795990353e+00 2.609389830722946169e+00
3.652601659435720460e+00 2.610502634289195711e+00
3.652548971440368497e+00 2.611720927802622771e+00
3.652483723447651709e+00 2.612858386704097757e+00
3.652434020557628003e+00 2.614021680762469213e+00
3.652384951205131625e+00 2.615169659396132662e+00
3.652334072952590827e+00 2.616355474819504146e+00
3.652284841264977100e+00 2.617478314191633793e+00
3.652231995186169033e+00 2.618585847146193579e+00
3.652179456447954831e+00 2.619799926759527331e+00
3.652127228931041358e+00 2.620911564926613924e+00
3.652080565712565008e+00 2.622003938137297041e+00
3.652028211478236308e+00 2.623217355971484643e+00
3.651981077578559276e+00 2.624318290947609711e+00
3.651930914783021009e+00 2.625483621288264846e+00
3.651884370040141548e+00 2.626568965506590470e+00
3.651811311312084474e+00 2.627767834283378789e+00
3.651762437485958745e+00 2.628915172797300137e+00
3.651715918323123145e+00 2.630010103760407336e+00
3.651666043091156055e+00 2.631175880993339877e+00
3.651616346276797209e+00 2.632336155732652561e+00
3.651564105181388076e+00 2.633426912738507486e+00
3.651519268659779716e+00 2.634562039834864589e+00
3.651468698404490176e+00 2.635718033804710814e+00
3.651422085306061494e+00 2.636807042867547413e+00
3.651372348224155129e+00 2.637961874743703472e+00
3.651326909782905972e+00 2.639023577371689466e+00
3.651281410193576438e+00 2.640083916167898614e+00
3.651230078004160884e+00 2.641269127368045755e+00
3.651181795597173707e+00 2.642388260388046195e+00
3.651134369898523691e+00 2.643463395543861782e+00
3.651087710852460866e+00 2.644544565329730812e+00
3.651038454788041676e+00 2.645680116661082160e+00
3.650990355139517529e+00 2.646789849902591474e+00
3.650943939431245067e+00 2.647862833003256977e+00
3.650894339951047840e+00 2.649002754984674635e+00
3.650848354988221356e+00 2.650064018001733412e+00
3.650797948945360805e+00 2.651096057524238159e+00
3.650743772043802959e+00 2.652255197367269890e+00
3.650697900045745570e+00 2.653318242187097109e+00
3.650650187002243197e+00 2.654420416491358292e+00
3.650601361997676708e+00 2.655545291081562009e+00
3.650549375030119226e+00 2.656561296018061125e+00
3.650499211262685062e+00 2.657712464063949565e+00
3.650455755727752827e+00 2.658721945263418096e+00
3.650394914104527988e+00 2.659866009541564047e+00
3.650351722521478770e+00 2.660873736462965766e+00
3.650302945146152833e+00 2.661999293639819353e+00
3.650257682314268948e+00 2.663009208781383919e+00
3.650206919098158309e+00 2.664141213189535229e+00
3.650163022656413681e+00 2.665156478585348765e+00
3.650114185018157542e+00 2.666276045893428481e+00
3.650061845697873508e+00 2.667378603252806624e+00
3.650019185666155241e+00 2.668367763141729299e+00
3.649972045529740416e+00 2.669450579949941282e+00
3.649919303496993006e+00 2.670500722601728327e+00
3.649874872180004726e+00 2.671528931302197041e+00
3.649828264087458418e+00 2.672603527741336027e+00
3.649780189665625674e+00 2.673707696731654870e+00
3.649737468364980586e+00 2.674697771900808707e+00
3.649689770691171731e+00 2.675791819639900648e+00
3.649646048866421744e+00 2.676800182639059500e+00
3.649598429124247811e+00 2.677892751488886613e+00
3.649559482638979002e+00 2.678873272604518352e+00
3.649513632517682460e+00 2.679904379613667231e+00
3.649466746057270505e+00 2.680975682787170911e+00
3.649414645410543834e+00 2.682051449965709544e+00
3.649371848603695678e+00 2.683038392750412005e+00
3.649319746640160567e+00 2.684122906234265749e+00
3.649277663404746797e+00 2.685096724759814979e+00
3.649231216071528117e+00 2.686161341172690786e+00
3.649177297701587719e+00 2.687163414096524150e+00
3.649128470718443040e+00 2.688257633764770560e+00
3.649084574400223158e+00 2.689271262633570192e+00
3.649042155645151553e+00 2.690252200008285577e+00
3.648998408763059587e+00 2.691259279826166306e+00
3.648952105025014880e+00 2.692319274303494936e+00
3.648902787465650999e+00 2.693361327728045929e+00
3.648861240904028858e+00 2.694322467502424434e+00
3.648810414009547198e+00 2.695378452680675885e+00
3.648767734662750062e+00 2.696363402328042724e+00
3.648725767233325978e+00 2.697330924320923362e+00
3.648678178213915491e+00 2.698415967691809136e+00
3.648630769880628844e+00 2.699378847060677877e+00
3.648584976293822280e+00 2.700408702229732505e+00
3.648542602791577050e+00 2.701382332099661721e+00
3.648496809085084447e+00 2.702427774952332662e+00
3.648455019877599792e+00 2.703387892819611782e+00
3.648408807288312961e+00 2.704440673277294760e+00
3.648343102736147259e+00 2.705404735420431361e+00
3.648299032760116578e+00 2.706424409756609695e+00
3.648255388387676934e+00 2.707430393509326905e+00
3.648211640323545613e+00 2.708410177922317086e+00
3.648168558582743248e+00 2.709402712033355254e+00
3.648123363658131613e+00 2.710369888257689652e+00
3.648075108233079344e+00 2.711385940045015985e+00
3.648033506812491389e+00 2.712349336234535446e+00
3.647989372729450341e+00 2.713366246501287993e+00
3.647949164911454822e+00 2.714298302835413068e+00
3.647905418032799219e+00 2.715303726994379829e+00
3.647863566820698900e+00 2.716268931356132565e+00
3.647821487783312389e+00 2.717236971780574439e+00
3.647777437592920169e+00 2.718246785007459643e+00
3.647738008275322130e+00 2.719158203553055486e+00
3.647692662779427941e+00 2.720193746057104178e+00
3.647652543510218059e+00 2.721118155721387488e+00
3.647610423601880036e+00 2.722153294015749125e+00
3.647571466642941740e+00 2.723052553803313014e+00
3.647525993302724867e+00 2.724068335476518499e+00
3.647485846518494501e+00 2.724989532067686238e+00
3.647441013390209541e+00 2.726007350055033474e+00
3.647401106660816517e+00 2.726923121772310221e+00
3.647352129054877601e+00 2.727934512772269393e+00
3.647312998095242342e+00 2.728834962852218382e+00
3.647271599279023224e+00 2.729781744042051983e+00
3.647220040842210409e+00 2.730770156209879396e+00
3.647179818647484861e+00 2.731670952610069314e+00
3.647135538053076775e+00 2.732680323823672097e+00
3.647094942371547077e+00 2.733611398851530705e+00
3.647053070632006122e+00 2.734569488454442698e+00
3.647007627577043554e+00 2.735565289462121186e+00
3.646965153955523231e+00 2.736454453669168174e+00
3.646921613636335824e+00 2.737447462075180304e+00
3.646882653598280566e+00 2.738343767693847131e+00
3.646839701369466002e+00 2.739322586758718980e+00
3.646797659640111711e+00 2.740281280906936789e+00
3.646748571394506033e+00 2.741195207668218448e+00
3.646704686245526350e+00 2.742115905139904886e+00
3.646661932787965466e+00 2.743074435305612901e+00
3.646619682286942776e+00 2.744038377066740697e+00
3.646580915857342120e+00 2.744928654181132188e+00
3.646537924127704056e+00 2.745906298875047113e+00
3.646476444304861175e+00 2.746786882743449176e+00
3.646437363960315370e+00 2.747692640227098693e+00
3.646395517075541992e+00 2.748656500996662810e+00
3.646353648059859065e+00 2.749619425330314559e+00
3.646316118688490260e+00 2.750486318370467753e+00
3.646272695979895229e+00 2.751452018732909455e+00
3.646232890538576576e+00 2.752367307037449695e+00
3.646189768670826226e+00 2.753285127156583911e+00
3.646144073313993150e+00 2.754241082749811387e+00
3.646104091936459568e+00 2.755163353147718208e+00
3.646065879549369448e+00 2.756046908706147658e+00
3.646027869545192424e+00 2.756924951957773207e+00
3.645986590731286725e+00 2.757870172478185111e+00
3.645947287391287261e+00 2.758773361343413999e+00
3.645905491764277695e+00 2.759729226088607934e+00
3.645867979801810765e+00 2.760593691438097963e+00
3.645830238085634001e+00 2.761462249597072205e+00
3.645787723282771786e+00 2.762428701890985216e+00
3.645749184199662096e+00 2.763313581373997962e+00
3.645712278649807736e+00 2.764229655968322596e+00
3.645668867003316826e+00 2.765167209059149034e+00
3.645630941991115037e+00 2.766037963842485681e+00
3.645590193289363068e+00 2.766947611135275320e+00
3.645549423015532753e+00 2.767875348733975560e+00
3.645509663332566763e+00 2.768780396339601158e+00
3.645467690685029183e+00 2.769639700565427187e+00
3.645426602270402494e+00 2.770574756094023705e+00
3.645389525462767732e+00 2.771425229848905047e+00
3.645338351983482106e+00 2.772348728338755564e+00
3.645293445991445225e+00 2.773195190573480406e+00
3.645254909816072253e+00 2.774056832778312387e+00
3.645213789302375496e+00 2.774995536765550330e+00
3.645176743604979563e+00 2.775849166458919104e+00
3.645135886640409772e+00 2.776781415211101667e+00
3.645099677104203018e+00 2.777615552048867897e+00
3.645056181535050843e+00 2.778522665862475094e+00
3.645018755847126979e+00 2.779383927355835393e+00
3.644978883738215547e+00 2.780295541009929927e+00
3.644942925618168239e+00 2.781124308628123210e+00
3.644902802982325163e+00 2.782039531783423225e+00
3.644863150452128941e+00 2.782944172068846367e+00
3.644824666787901624e+00 2.783824056178151540e+00
3.644783457938001625e+00 2.784666645415589059e+00
3.644743562002607185e+00 2.785574019453963324e+00
3.644706634024836855e+00 2.786418934452311813e+00
3.644667561481857554e+00 2.787308978073511412e+00
3.644607837689878060e+00 2.788138702114691281e+00
3.644567977050813035e+00 2.789055126722953748e+00
3.644532836067253090e+00 2.789871438572362194e+00
3.644493391175597896e+00 2.790776390224521286e+00
3.644457838828925045e+00 2.791599470655796722e+00
3.644418667695419334e+00 2.792492585732265553e+00
3.644381770225058936e+00 2.793313642617641257e+00
3.644342349921590341e+00 2.794213057738793360e+00
3.644303779512374941e+00 2.795027106461347888e+00
3.644260502871961904e+00 2.795925710673214937e+00
3.644225194506577115e+00 2.796741661796074752e+00
3.644185257735583328e+00 2.797653588167385852e+00
3.644150186746902165e+00 2.798464209730759489e+00
3.644111972282015000e+00 2.799338832685388745e+00
3.644073322836698825e+00 2.800222226331232633e+00
3.644038586153482306e+00 2.801023026833254548e+00
3.644000559889301272e+00 2.801890754117778215e+00
3.643964435327955442e+00 2.802719279012997777e+00
3.643926044478053239e+00 2.803593800823524163e+00
3.643890054017859814e+00 2.804418174869190761e+00
3.643852970733355345e+00 2.805265073225313266e+00
3.643807609727295560e+00 2.806146760060282741e+00
3.643773292313574164e+00 2.806937673989788440e+00
3.643734698274931461e+00 2.807816617368279033e+00
3.643694688339831345e+00 2.808671483165309013e+00
3.643660568639488950e+00 2.809454477268709116e+00
3.643621772866799002e+00 2.810334523176762023e+00
3.643586137320250717e+00 2.811147661720481583e+00
3.643544818166934540e+00 2.811990185829881472e+00
3.643507688549767476e+00 2.812836541583198180e+00
3.643472143766712801e+00 2.813649441498800474e+00
3.643428831708903193e+00 2.814452153441743043e+00
3.643389964694592642e+00 2.815313482677887613e+00
3.643356034777561980e+00 2.816093607517024644e+00
3.643317671443617733e+00 2.816965327810907471e+00
3.643281423207854974e+00 2.817792481664974868e+00
3.643245306719118837e+00 2.818616708171858942e+00
3.643205100114651707e+00 2.819446342259848581e+00
3.643167452041013554e+00 2.820303297977724277e+00
3.643133291169654342e+00 2.821086932003785019e+00
3.643097161903546599e+00 2.821911526918598145e+00
3.643059364776332298e+00 2.822769587735260988e+00
3.643025583498798348e+00 2.823543606360149116e+00
3.642988015627746101e+00 2.824396118062823646e+00
3.642953415882815182e+00 2.825184944610946491e+00
3.642912238300379801e+00 2.826019003518327466e+00
3.642876632301903506e+00 2.826826726384917610e+00
3.642873839754623866e+00 2.826897263372245117e+00
