3.673806801508944009e+00 2.340570329351786771e+00
3.673138152852352789e+00 2.337673453420298308e+00
3.671494827786180082e+00 2.330536274729163360e+00
3.668507827336061844e+00 2.317504342342334933e+00
3.664230928685276112e+00 2.298683363462247442e+00
3.659604367853216633e+00 2.278024287022154315e+00
3.655993364274586543e+00 2.261448954706934078e+00
3.653924102984272615e+00 2.251492583659713720e+00
3.653082927297342408e+00 2.247076448552506989e+00
3.652862247101991144e+00 2.245642029624869807e+00
3.652827333046249958e+00 2.245202329325937107e+00
3.652831849542635290e+00 2.244916266539140892e+00
3.652853754168732259e+00 2.244355618569467303e+00
3.652908506235587272e+00 2.242973916851566774e+00
3.653043174516991343e+00 2.239567643892242277e+00
3.653369357827342068e+00 2.231281897813241155e+00
3.654091162928846170e+00 2.213152368182668805e+00
3.654994510177349998e+00 2.191130877734084770e+00
3.655853350263037260e+00 2.168783486245380310e+00
3.656702501682972617e+00 2.146460509824636542e+00
3.657592215217706499e+00 2.124294461087599117e+00
3.658439958053342433e+00 2.101935625361974314e+00
3.659306562246257943e+00 2.079701030640035420e+00
3.660125137697742836e+00 2.057296864201517916e+00
3.661003146504836270e+00 2.035150436493982973e+00
3.661814268504314018e+00 2.012805428927352480e+00
3.662704028330193484e+00 1.990768931297638877e+00
3.663490163417289391e+00 1.968364526883824572e+00
3.664328464219531512e+00 1.946227301326344472e+00
3.665097008948503987e+00 1.923888448469666557e+00
3.665889873723685799e+00 1.901599154138359227e+00
3.666662603916290841e+00 1.879222643358274381e+00
3.667396361747598643e+00 1.856758596805340389e+00
3.668234843481718244e+00 1.834706404810234170e+00
3.668969311645042364e+00 1.812305365300434845e+00
3.669703982945819565e+00 1.789960179848104183e+00
3.670411989046424850e+00 1.767557003905728230e+00
3.671173420818790945e+00 1.745388788155913806e+00
3.671912646647799150e+00 1.723172587621937923e+00
3.672614964806653948e+00 1.700879530067709533e+00
3.673272835335719133e+00 1.678459591817364149e+00
3.673981440104761020e+00 1.656287062336387006e+00
3.674676607080691326e+00 1.634100223505306149e+00
3.675342826634217630e+00 1.611822558590487509e+00
3.676015681128765866e+00 1.589641434408565202e+00
3.676661490581359271e+00 1.567374474672237339e+00
3.677269167452131171e+00 1.545022723012028365e+00
3.677894895179502299e+00 1.522793081699657103e+00
3.678533078824322455e+00 1.500649952958933886e+00
3.679122379344029525e+00 1.478363422496621782e+00
3.679761666957664268e+00 1.456316304402270001e+00
3.680319482191765967e+00 1.433970082887130904e+00
3.680928996455501423e+00 1.411898237755435659e+00
3.681483027188813040e+00 1.389618657444000371e+00
3.682009805374533595e+00 1.367300685054925413e+00
3.682563773293326292e+00 1.345131852249230819e+00
3.683100791215787151e+00 1.322929834561286544e+00
3.683630719029031830e+00 1.300738057657937707e+00
3.684116137413159020e+00 1.278404145146870174e+00
3.684621015644095277e+00 1.256209828213618485e+00
3.685096181697748996e+00 1.233931261156872239e+00
3.685564950738679624e+00 1.211684194914610213e+00
3.686024051464086959e+00 1.189430015432865861e+00
3.686439389569446945e+00 1.167054111881145495e+00
3.686883376044005622e+00 1.144834027087284323e+00
3.687322598908105764e+00 1.122634471885414209e+00
3.687737498111692602e+00 1.100387080135722284e+00
3.688107387137970594e+00 1.077991777979904420e+00
3.688528414483811968e+00 1.055858290920435705e+00
3.688878861861605074e+00 1.033441686912760726e+00
3.689208805465821417e+00 1.011009729224613629e+00
3.689538913223936234e+00 9.886295269144048659e-01
3.689822930903213116e+00 9.661077539453970520e-01
3.690148301747885107e+00 9.437907968400868208e-01
3.690432975970334262e+00 9.213573344088832329e-01
3.690715918524036798e+00 8.989523777607874022e-01
3.690989165689539941e+00 8.765538750706102222e-01
3.691208251460143419e+00 8.539866887981003574e-01
3.691457527859522081e+00 8.315945917118265918e-01
3.691645632194699989e+00 8.089754064163241498e-01
3.691860822432115885e+00 7.865141738278992323e-01
3.692015183498952080e+00 7.638397680425469405e-01
3.692147290834667750e+00 7.411358626922736059e-01
3.692287519645490956e+00 7.185160570222374199e-01
3.692438482338209038e+00 6.959643440438848527e-01
3.692519173965860269e+00 6.731586206301066744e-01
3.692575008559900063e+00 6.503121292548637022e-01
3.692637019757363692e+00 6.275281269556670649e-01
3.692693075099978461e+00 6.047697807572918194e-01
3.692691817180803859e+00 5.818146879217500622e-01
3.692668857012765038e+00 5.588306921359611490e-01
3.692671635082471759e+00 5.359857486223145173e-01
3.692614679304419667e+00 5.129531491587533409e-01
3.692524976860239949e+00 4.898319804982457226e-01
3.692486709038103498e+00 4.669593013137908200e-01
3.692374756280506265e+00 4.438179186086185779e-01
3.692232674716871443e+00 4.206107132736978116e-01
3.692056360566625894e+00 3.973206420589258658e-01
3.691856223579167207e+00 3.739854153660271407e-01
3.691665523047151787e+00 3.507262362976447112e-01
3.691423103287306606e+00 3.273186806207144528e-01
3.691205808973541114e+00 3.040548474307364635e-01
3.690921716637169059e+00 2.805984916818336505e-01
3.690617830282397982e+00 2.571419217666147672e-01
3.690348273498931242e+00 2.338911085655167865e-01
3.690017571074344804e+00 2.104854787046204212e-01
3.689676117844651326e+00 1.871300341273142154e-01
3.689320886596989091e+00 1.638253118824947452e-01
3.689040184860946869e+00 1.409291237114571327e-01
3.688696567603996890e+00 1.178711617055649835e-01
3.688360421483890317e+00 9.498926367476859256e-02
3.688039337012068319e+00 7.231575852098220958e-02
3.687732022449047076e+00 4.985554974450577548e-02
3.687448039804507083e+00 2.766896232763518815e-02
3.687182881072001539e+00 5.756934743830165874e-03
3.686969862694963407e+00 -1.574190270690559168e-02
3.686873276892132623e+00 -3.655448859606560963e-02
3.686803187065595733e+00 -5.702028018387527569e-02
3.686822030655679150e+00 -7.683329326956797600e-02
3.686947873449520241e+00 -9.589324164206917966e-02
3.687201634924984983e+00 -1.140811040401862181e-01
3.687609624290420385e+00 -1.312435296974446275e-01
3.688198432126559734e+00 -1.472144671066688004e-01
3.689051886109905531e+00 -1.616194201550316678e-01
3.690131013493701762e+00 -1.745312321668971434e-01
3.691523847745077358e+00 -1.854933449230596609e-01
3.693283354795703577e+00 -1.941744604330434831e-01
3.695489088324878324e+00 -2.001145909772168441e-01
3.698176345947370880e+00 -2.030179427204805986e-01
3.701422415415311473e+00 -2.024197535991393848e-01
3.705270924896996831e+00 -1.980256182371768203e-01
3.709710313497040168e+00 -1.897897697338806200e-01
3.714644106848427718e+00 -1.780288915429039387e-01
3.719946860481420536e+00 -1.635364855532283612e-01
3.725312312644593504e+00 -1.478747708009336692e-01
3.730620077847533356e+00 -1.320188026383840862e-01
3.735875430704076905e+00 -1.164095911375380848e-01
3.740967627418820385e+00 -1.018858967127759946e-01
3.745915690341320659e+00 -8.857261708940311618e-02
3.750750902786541108e+00 -7.663266481738545410e-02
3.755387922634529030e+00 -6.628381386550655230e-02
3.759890329937029207e+00 -5.731736718004010189e-02
3.764219655835026046e+00 -4.987823619993933533e-02
3.768408552233654785e+00 -4.377949598395882574e-02
3.772485452207225531e+00 -3.903379154337324741e-02
3.776392755923736022e+00 -3.567028922718745026e-02
3.780166059426867786e+00 -3.374539903721460177e-02
3.783757103767998675e+00 -3.350767862365020694e-02
3.787112638000881937e+00 -3.543155144212550844e-02
3.790109990170686505e+00 -4.039034865168380367e-02
3.792518810555672193e+00 -4.998701076947206084e-02
3.794019784696531339e+00 -6.659415741156984869e-02
3.794145759531097450e+00 -9.351370256828740735e-02
3.792309533458844140e+00 -1.326933391050803546e-01
3.788985464315417939e+00 -1.754450307521646102e-01
3.787472014598854742e+00 -1.915130973517909507e-01
3.786706895103242321e+00 -1.990824104375921444e-01
3.785219283892144571e+00 -2.128097070338791641e-01
3.782804401203912370e+00 -2.299648466196091146e-01
3.782493649783416956e+00 -2.257695609495456723e-01
3.781941787446366110e+00 -2.220402048663541461e-01
3.781799550180956260e+00 -2.176712751788258959e-01
3.782099320103008200e+00 -2.116670082815314824e-01
3.783143967884665226e+00 -2.005192130836244702e-01
3.785881230187322810e+00 -1.752104172271609084e-01
3.790167983422717324e+00 -1.353497571704591063e-01
3.794325159353484356e+00 -9.468485624130568157e-02
3.798155824153783389e+00 -5.466037695330679125e-02
3.800974865461029584e+00 -2.307696207984269790e-02
3.801649160974959862e+00 -1.523052327164814597e-02
3.804846118874202876e+00 2.374148088619205607e-02
3.807776435895251943e+00 6.225146274477994651e-02
3.810481331856426124e+00 1.003040899441140221e-01
3.812973743280746231e+00 1.377756756255723580e-01
3.815241558775859243e+00 1.746513961566464324e-01
3.817261865212083105e+00 2.108708007043223198e-01
3.819002073875405134e+00 2.463795075271133783e-01
3.820451485927482516e+00 2.812436823488199122e-01
3.821563185901980741e+00 3.153452287903299456e-01
3.822320157957507902e+00 3.490643167489493326e-01
3.822565405516760606e+00 3.831235072682663279e-01
3.822213117169133589e+00 4.130603822306987416e-01
3.821863137384876818e+00 4.258802563104663319e-01
3.821555098110654747e+00 4.342849749122691394e-01
3.821217057214931323e+00 4.420156981531484508e-01
3.820858871635937071e+00 4.492815796451472554e-01
3.820477673678732256e+00 4.561138801849375923e-01
3.820074573975774879e+00 4.625538554274341019e-01
3.819658538979469498e+00 4.686109576821471112e-01
3.819225599731970178e+00 4.743286224395628636e-01
3.818785768094218991e+00 4.797237546366254213e-01
3.818342191231239635e+00 4.848266007111707299e-01
3.817472972266795495e+00 4.939286134223192515e-01
3.815501652809665689e+00 5.117925992616714215e-01
3.814549785377349789e+00 5.192218448808436637e-01
