3.668533096156813222e+00 2.076078714279109949e+00
3.667955088725030954e+00 2.073579647649879565e+00
3.666540169492252588e+00 2.067447234800466660e+00
3.663990166454882846e+00 2.056343694101605113e+00
3.660382186024347284e+00 2.040497234162339080e+00
3.656562780601647411e+00 2.023475807683514649e+00
3.653665597421215328e+00 2.010219807801536085e+00
3.652067208206918103e+00 2.002581946123425993e+00
3.651471277021628659e+00 1.999474079441099228e+00
3.651323121141727857e+00 1.998524805062236620e+00
3.651300702289375089e+00 1.998241274448550264e+00
3.651304380333590505e+00 1.998035338060132560e+00
3.651320025057923857e+00 1.997603877391438409e+00
3.651359074998715037e+00 1.996536931069350373e+00
3.651455434115504772e+00 1.993901302625220362e+00
3.651690401234640060e+00 1.987458098488084968e+00
3.652239631803767761e+00 1.972272538989811919e+00
3.653021287709141252e+00 1.950221236347285947e+00
3.653829573009548248e+00 1.927794763309185200e+00
3.654654878987223743e+00 1.905475339286588854e+00
3.655423446805459164e+00 1.882946971069695552e+00
3.656240563981414837e+00 1.860632541566201503e+00
3.657006929376147131e+00 1.838107521786934262e+00
3.657798162487845506e+00 1.815734869449170175e+00
3.658541716921588804e+00 1.793203844941594793e+00
3.659313853560874907e+00 1.770843452054839728e+00
3.660003739881784401e+00 1.748208576152461058e+00
3.660776945114552205e+00 1.725933450628668986e+00
3.661467330207426318e+00 1.703393775588706971e+00
3.662224580361749471e+00 1.681130669634270269e+00
3.662937776077219709e+00 1.658726602476619627e+00
3.663612043615095182e+00 1.636232124629511064e+00
3.664285960989592361e+00 1.613797868188587170e+00
3.664930675745207811e+00 1.591282566096329676e+00
3.665549174744036964e+00 1.568735314590238072e+00
3.666215011328257667e+00 1.546417610228707717e+00
3.666823299600632691e+00 1.523907784753097294e+00
3.667462907426779939e+00 1.501551435815968505e+00
3.668030314808005343e+00 1.478977705858628200e+00
3.668678767933925666e+00 1.456746060970684820e+00
3.669231583943292740e+00 1.434196120088019999e+00
3.669822991065878171e+00 1.411850176219822783e+00
3.670381538846627212e+00 1.389413834981149343e+00
3.670889696914073408e+00 1.366825871304572670e+00
3.671445362698004367e+00 1.344474952699153292e+00
3.671945327487895483e+00 1.321953069222195243e+00
3.672433890086341801e+00 1.299434603631077989e+00
3.672964059298047701e+00 1.277104891153345800e+00
3.673421531592587552e+00 1.254544408396560895e+00
3.673921568554654460e+00 1.232192343281145686e+00
3.674368596978570434e+00 1.209669780371431580e+00
3.674775785912529180e+00 1.187052989131992753e+00
3.675230515556201283e+00 1.164661148327080564e+00
3.675630230483963867e+00 1.142094998393294869e+00
3.676054160832544770e+00 1.119674770157459420e+00
3.676411653763496101e+00 1.097008992762977364e+00
3.676742468850835888e+00 1.074311187888948638e+00
3.677129474137425191e+00 1.051881219818697533e+00
3.677472617984792969e+00 1.029318971967676966e+00
3.677766693989708902e+00 1.006602379289540217e+00
3.678091457358101390e+00 9.840464795670808007e-01
3.678348559674268436e+00 9.612834374201640886e-01
3.678649702151663980e+00 9.387257471498482442e-01
3.678872776547268852e+00 9.158976361070830796e-01
3.679130078794045300e+00 8.932532671632781307e-01
3.679343352512084220e+00 8.704823096437506180e-01
3.679507293530699386e+00 8.475646646362864356e-01
3.679731445263794143e+00 8.249205593604379549e-01
3.679929587630349719e+00 8.022270198682580622e-01
3.680053518003980173e+00 7.792791892618408101e-01
3.680210085770173389e+00 7.565036959328564903e-01
3.680303175251649961e+00 7.335200375370622972e-01
3.680370792291870696e+00 7.104926858127110778e-01
3.680486716045152651e+00 6.876810982313906750e-01
3.680520651958488099e+00 6.645890120527111478e-01
3.680529897352873725e+00 6.414559220976077114e-01
3.680574570254782962e+00 6.184972248624304170e-01
3.680547174941294131e+00 5.953035577521860189e-01
3.680535728398667050e+00 5.722298595137575994e-01
3.680472675811326866e+00 5.489718826833253074e-01
3.680405442366492696e+00 5.257427674899080028e-01
3.680293511655733152e+00 5.023790491299324756e-01
3.680173359777255904e+00 4.790430276291400280e-01
3.680010989673360822e+00 4.555734245195172116e-01
3.679825972794628530e+00 4.320671942397328880e-01
3.679649215739194901e+00 4.086384875523921822e-01
3.679417472033053915e+00 3.850452926472444082e-01
3.679204205695524976e+00 3.615588262210150949e-01
3.678955181861032209e+00 3.379832888459031182e-01
3.678655736512008279e+00 3.142435620357902359e-01
3.678331313082229492e+00 2.904556555470051982e-01
3.677993596919744146e+00 2.666611885137388782e-01
3.677609581143053141e+00 2.427253815469842535e-01
3.677237729651015030e+00 2.188754694761415598e-01
3.676816498050142545e+00 1.948684109876047121e-01
3.676370366985633797e+00 1.708144999003326503e-01
3.675903171792031632e+00 1.467243046066953049e-01
3.675412186887064170e+00 1.225859148722524689e-01
3.674876808278321416e+00 9.831960264063879795e-02
3.674317762664440323e+00 7.400436697972223588e-02
3.673730801076291463e+00 4.962648372726759238e-02
3.673114737268077690e+00 2.518351770005179333e-02
3.672495053326633396e+00 7.630395848146467657e-04
3.671833211477914194e+00 -2.378041366997092620e-02
3.671154852570192695e+00 -4.834403599336840884e-02
3.670448209327520139e+00 -7.297936363658509562e-02
3.669710716486981550e+00 -9.769546203799267525e-02
3.668943617021485526e+00 -1.224749337163536095e-01
3.668182143121197392e+00 -1.471881241429534859e-01
3.667373392225685702e+00 -1.720378972891926650e-01
3.666553180896943154e+00 -1.968641796910514108e-01
3.665707846749919341e+00 -2.217153749247745276e-01
3.664868745229869162e+00 -2.464746887109643680e-01
3.664176700686365251e+00 -2.705763245684523199e-01
3.663818443258735513e+00 -2.933048948342558138e-01
3.663782311681679005e+00 -3.146445915321592901e-01
3.663757978565981510e+00 -3.358244341121787158e-01
3.663750426793155768e+00 -3.568263214370060443e-01
3.663750633053149741e+00 -3.776809098024481726e-01
3.663763401051143731e+00 -3.983588631449579975e-01
3.663795083759551652e+00 -4.188258343707769171e-01
3.663852935844843284e+00 -4.390397104037431220e-01
3.663935248416243518e+00 -4.589937889242907132e-01
3.664045718044941946e+00 -4.786630188333543812e-01
3.664211938000350166e+00 -4.979292427547036826e-01
3.664404890877612786e+00 -5.168975363807897239e-01
3.664638295960260361e+00 -5.354777443373129886e-01
3.664926575018516264e+00 -5.535919578173813527e-01
3.665273905224900819e+00 -5.711977583995350161e-01
3.665679118708588646e+00 -5.882757762721774197e-01
3.666176602821292985e+00 -6.046727894405188319e-01
3.666763123850792283e+00 -6.203466808428432788e-01
3.667455097583684154e+00 -6.351808471095512498e-01
3.668266239059055689e+00 -6.490558328368002394e-01
3.669248785275498914e+00 -6.617046548635453496e-01
3.670398421134556166e+00 -6.730542666169540000e-01
3.671767603448314876e+00 -6.827634526823276317e-01
3.673421689671113821e+00 -6.904554953853813126e-01
3.675387234597679242e+00 -6.958679884779715996e-01
3.677739461390205467e+00 -6.984925056018425060e-01
3.680540719515902115e+00 -6.979424203571066299e-01
3.683839449111941722e+00 -6.939951679815811181e-01
3.687560435852520691e+00 -6.870222601857257638e-01
3.691554831433276451e+00 -6.780513818302187357e-01
3.696976207440045403e+00 -6.646089510617335661e-01
3.702201881597500410e+00 -6.545743606215395083e-01
3.706751758618392678e+00 -6.489278822619006792e-01
3.710638297205213654e+00 -6.473581167164764727e-01
3.713822742313012792e+00 -6.501317896167688737e-01
3.716015975214183698e+00 -6.587586884567988577e-01
3.716681208911459144e+00 -6.761896335781460987e-01
3.714661661298711337e+00 -7.083548099957065469e-01
3.710204900790566196e+00 -7.477140687802287244e-01
3.708765251775824723e+00 -7.585208091521669083e-01
3.701605179444981797e+00 -8.054892360216160396e-01
3.698194618247681476e+00 -8.233395911470127171e-01
3.698207995539839033e+00 -8.132719873450217074e-01
3.697894764804118939e+00 -8.102117351025918124e-01
3.697572782372189337e+00 -8.070910764798542303e-01
3.697565690000758742e+00 -8.014488905310621636e-01
3.698299974704278181e+00 -7.913908130462194990e-01
3.700741356487462497e+00 -7.699106006369372812e-01
3.706910851844698040e+00 -7.258062088857094585e-01
3.713979565893244406e+00 -6.747806599284139617e-01
3.715276840540658210e+00 -6.652429422337845510e-01
