3.674106781864245885e+00 2.357471685990141008e+00
3.673444297321964314e+00 2.354598968578584639e+00
3.671789861092683349e+00 2.347412209280278717e+00
3.668771288394582442e+00 2.334241813503759477e+00
3.664426515965232056e+00 2.315127779107926109e+00
3.659787660529975284e+00 2.294397017271191164e+00
3.656117798370063010e+00 2.277554110608014604e+00
3.654020596167018908e+00 2.267456110508729417e+00
3.653159211565942144e+00 2.262935156132920511e+00
3.652933316574017208e+00 2.261465460544295425e+00
3.652897568561533692e+00 2.261014633326512424e+00
3.652902207741580476e+00 2.260722815013251896e+00
3.652924682981957716e+00 2.260153162112321201e+00
3.652980865639109620e+00 2.258749652018221532e+00
3.653119037920113499e+00 2.255290197310030109e+00
3.653453552398192361e+00 2.246878159352379445e+00
3.654190973685402355e+00 2.228635119990328928e+00
3.655073387493311454e+00 2.206479460150361227e+00
3.655979935066789643e+00 2.184280822639969699e+00
3.656870529226220246e+00 2.162018937177838662e+00
3.657714259655668432e+00 2.139643956052376339e+00
3.658564439305185712e+00 2.117361187163378400e+00
3.659394603387098766e+00 2.095039553978527813e+00
3.660288099412370766e+00 2.072987424501254949e+00
3.661085802754519225e+00 2.050630860506791109e+00
3.661976329687942844e+00 2.028646962587724811e+00
3.662762945284637972e+00 2.006324293030742112e+00
3.663602833341163212e+00 1.984222470095828639e+00
3.664412704159794476e+00 1.962020081280613892e+00
3.665206897645271411e+00 1.939819877849486618e+00
3.666009752121668797e+00 1.917668102934759311e+00
3.666785708217952244e+00 1.895451421692593952e+00
3.667543822064696979e+00 1.873214626180138342e+00
3.668337675908369899e+00 1.851139900346644884e+00
3.669088892000103019e+00 1.828946089118088647e+00
3.669869783736270374e+00 1.806929362633681535e+00
3.670582547230504478e+00 1.784653984570006013e+00
3.671275683188024441e+00 1.762382887057362346e+00
3.672041378963114333e+00 1.740423660597069988e+00
3.672716336498861089e+00 1.718160870449332744e+00
3.673445527924851906e+00 1.696141742525226537e+00
3.674113203423463592e+00 1.673943841705269220e+00
3.674818380333596757e+00 1.651921777747659803e+00
3.675475854504214102e+00 1.629778177772834624e+00
3.676191536944308336e+00 1.607863776374767850e+00
3.676826040950164742e+00 1.585683237107553323e+00
3.677438746034632722e+00 1.563482267766854727e+00
3.678091566926918521e+00 1.541477753387872074e+00
3.678688272270485449e+00 1.519294032023196239e+00
3.679319068537754145e+00 1.497288680108675329e+00
3.679898025824266394e+00 1.475121807871212942e+00
3.680519045984391280e+00 1.453160709214386781e+00
3.681070254825094867e+00 1.430975523211172051e+00
3.681681382571177608e+00 1.409054908554628671e+00
3.682222732828107858e+00 1.386912806909717411e+00
3.682789165796848785e+00 1.364915892568549616e+00
3.683332386728161989e+00 1.342846285174655652e+00
3.683878719934233548e+00 1.320835225450333272e+00
3.684368872474999890e+00 1.298631318059494166e+00
3.684893825304945469e+00 1.276625464555705802e+00
3.685364581643845394e+00 1.254433923583710531e+00
3.685861594055766410e+00 1.232409051400019440e+00
3.686316946293521468e+00 1.210246385695661564e+00
3.686736393309597570e+00 1.188001137352904246e+00
3.687218724602092657e+00 1.166031477962634622e+00
3.687645013625660440e+00 1.143874678501890063e+00
3.688059163800083251e+00 1.121720957934494667e+00
3.688450590537419416e+00 1.099515520546270331e+00
3.688883658769546603e+00 1.077519765768519155e+00
3.689248466581516617e+00 1.055267267882761040e+00
3.689612504611291310e+00 1.033075163913951044e+00
3.689935148911323459e+00 1.010759024672393647e+00
3.690296381717690366e+00 9.886449600704650953e-01
3.690602996614144260e+00 9.663383061584991385e-01
3.690912349405277126e+00 9.440960612638881200e-01
3.691197922541232579e+00 9.217820196404354904e-01
3.691484568633511376e+00 8.995237331206837883e-01
3.691723169589819609e+00 8.771016545294069156e-01
3.691941319957219303e+00 8.546568121195988743e-01
3.692178811402103467e+00 8.323297077132836286e-01
3.692356793439964591e+00 8.098028050096083286e-01
3.692568573542300836e+00 7.874510446824722898e-01
3.692727904782819870e+00 7.649390807188150010e-01
3.692871697304997092e+00 7.423916524368540104e-01
3.693056186187873013e+00 7.200280313473972349e-01
3.693188192470891362e+00 6.974953803029859678e-01
3.693269597964297546e+00 6.748141341793665315e-01
3.693333715804687056e+00 6.521093171878939998e-01
3.693421508580768453e+00 6.295371187961593673e-01
3.693469629231926010e+00 6.068503533734410649e-01
3.693478079686785875e+00 5.840416124743175175e-01
3.693461768738305562e+00 5.611844464895009432e-01
3.693428059703280475e+00 5.383076566216925540e-01
3.693375710920994592e+00 5.154008455764480523e-01
3.693368846222298885e+00 4.926776272059831263e-01
3.693275355280819738e+00 4.696549715064917141e-01
3.693164087264479978e+00 4.466143788095302547e-01
3.693048908779402062e+00 4.235957735598477880e-01
3.692886688397275297e+00 4.004385840356446402e-01
3.692708945200064541e+00 3.772699410758401650e-01
3.692519754515754649e+00 3.541092516064454077e-01
3.692290754510026751e+00 3.308447189435980151e-01
3.692053016878575455e+00 3.076053431712630348e-01
3.691829598820188796e+00 2.844915798391453587e-01
3.691547403630973889e+00 2.612082650508764647e-01
3.691243175891989026e+00 2.379326043120500445e-01
3.690930335712717003e+00 2.147133992085369925e-01
3.690607142085492676e+00 1.915568015053412676e-01
3.690359068067759818e+00 1.687877775082150256e-01
3.690051176136434297e+00 1.459082883789802609e-01
3.689744893373015699e+00 1.231682451476431711e-01
3.689452065732970798e+00 1.006305890731468977e-01
3.689178362424443414e+00 7.833367046429715042e-02
3.688944415699867196e+00 5.636896780626815540e-02
3.688725284374165803e+00 3.464694507295430770e-02
3.688546925721892578e+00 1.330665037324589572e-02
3.688414238206548568e+00 -7.616703382605906868e-03
3.688397284369596907e+00 -2.783030483955611922e-02
3.688463519820553316e+00 -4.744484190557080733e-02
3.688643971794234755e+00 -6.628027109230893998e-02
3.688912590446898232e+00 -8.438811550373898074e-02
3.689350256492850200e+00 -1.014105043309451726e-01
3.689974932250749351e+00 -1.172177152223212865e-01
3.690815072413359488e+00 -1.316366768628686179e-01
3.691907493229484860e+00 -1.444325847945449603e-01
3.693331923198745592e+00 -1.552112868532410928e-01
3.695088071430325360e+00 -1.638229845427290332e-01
3.697291125002357681e+00 -1.696724256341681503e-01
3.700031189768761219e+00 -1.722453932993854020e-01
3.703318850864968148e+00 -1.713316744534005287e-01
3.707196946070921761e+00 -1.666023741609802822e-01
3.711687055568400062e+00 -1.578868691455470319e-01
3.716643656753542135e+00 -1.456893627882878406e-01
3.721846740360189365e+00 -1.311066233412689908e-01
3.727156085836742516e+00 -1.151935556115910864e-01
3.732448540918561708e+00 -9.895174193399129681e-02
3.737611778129802609e+00 -8.327343201740548817e-02
3.742645073147068402e+00 -6.852053926081161372e-02
3.747545738901065349e+00 -5.499106672077141295e-02
3.752277906522823780e+00 -4.294048975333300544e-02
3.756888283719298283e+00 -3.230906893185784418e-02
3.761324008810434272e+00 -2.316474896328689359e-02
3.765620205579036650e+00 -1.536631243866809493e-02
3.769807641987592994e+00 -8.874269460560408121e-03
3.773857710767694496e+00 -3.650997001325386859e-03
3.777769839264185858e+00 3.315679859139652737e-04
3.781572709767165197e+00 3.070254568568230816e-03
3.785240232239768687e+00 4.428401189974610040e-03
3.788750500733982562e+00 4.166917746426870850e-03
3.792027532676669477e+00 1.691670573003149639e-03
3.794952662015016465e+00 -3.941018956615715586e-03
3.797294219538613902e+00 -1.437267507191865648e-02
3.798697743343493638e+00 -3.207580231354914546e-02
3.798704056623934289e+00 -6.031910075323440590e-02
3.796833142760175139e+00 -9.986904143695345126e-02
3.793651282705714944e+00 -1.413307506494107524e-01
3.791519040658508199e+00 -1.639476225384202679e-01
3.790817707143563364e+00 -1.707153657482838316e-01
3.790140229777998915e+00 -1.769180775526901228e-01
3.788045334051622692e+00 -1.916377829761259366e-01
3.787597775496640562e+00 -1.879926573144598267e-01
3.787133457737845710e+00 -1.838613820776324737e-01
3.787046451587768203e+00 -1.794412388895095523e-01
3.787395023677713635e+00 -1.731774493085216637e-01
3.788523905862985597e+00 -1.612635641505767714e-01
3.791428283590840831e+00 -1.340988456327023570e-01
3.795570471443919125e+00 -9.490688629794517828e-02
3.799533168732361244e+00 -5.543369905301534506e-02
3.803183789218690158e+00 -1.663097452289748202e-02
3.805890583650280323e+00 1.414427761867568904e-02
3.806538372617605415e+00 2.179998798456352083e-02
3.809620390430764392e+00 5.980521683929340693e-02
3.812469883580943186e+00 9.739249136928090911e-02
3.815113452809035799e+00 1.344451950578389454e-01
3.817556289427708638e+00 1.708970323484140519e-01
3.819804272587020044e+00 2.068112825522586129e-01
3.821816133918817915e+00 2.420457950385763446e-01
3.823590682702473487e+00 2.768333839773191030e-01
3.825083939220570439e+00 3.111655353938856949e-01
3.826244976941344245e+00 3.448123410326863203e-01
3.827021621540263929e+00 3.780540609467404334e-01
3.827292020422405017e+00 4.115689965578001597e-01
3.826958494506532027e+00 4.411726564141943419e-01
3.826600367681356918e+00 4.538514322986837990e-01
3.826296571688132975e+00 4.621396970502407719e-01
3.825963407204032496e+00 4.697671510852770571e-01
3.825593374787429113e+00 4.769336483329275622e-01
3.825200503695237231e+00 4.836853790174358014e-01
3.824791744982934727e+00 4.900405776246789524e-01
3.824365993120969698e+00 4.960302634164040492e-01
3.823927494850241526e+00 5.016838237157931202e-01
3.823466077433999910e+00 5.070217956270300919e-01
3.823008346107158673e+00 5.120817057804725181e-01
3.822120986910537699e+00 5.210868493295067738e-01
3.820080823716916374e+00 5.387880218717310266e-01
3.817562316503619879e+00 5.566287352339074346e-01
3.814854037578169876e+00 5.726915520649538127e-01
3.812033233564338985e+00 5.871408698400132353e-01
3.809122864838033973e+00 6.003077576382092051e-01
3.806128650512716760e+00 6.123735052637484522e-01
3.803096007752702068e+00 6.234800902572453785e-01
3.800046918531325257e+00 6.337456745795106983e-01
3.796980686893469237e+00 6.432817045004755041e-01
3.793934327332344481e+00 6.521560011804424795e-01
3.790893761006730589e+00 6.604706119227256034e-01
3.787862004819188666e+00 6.683169847228724869e-01
3.784828053691299043e+00 6.757267276048429805e-01
3.781822926936618146e+00 6.827265933452451030e-01
3.778831659025542411e+00 6.893527885479799888e-01
3.775868454604865754e+00 6.956423857445589443e-01
3.772931174329928972e+00 7.016045878819628934e-01
3.770016952047496872e+00 7.072720238816254668e-01
3.767128056978230610e+00 7.126571174176318246e-01
3.765980892862163643e+00 7.147349428117354408e-01
3.764281001605976673e+00 7.177723858475836272e-01
3.761464937368134365e+00 7.226295920409615547e-01
3.758698564979662926e+00 7.272865412189132295e-01
3.755958722356244284e+00 7.317607756869902724e-01
3.753266179779728873e+00 7.360836363204918964e-01
3.750632738723011617e+00 7.403062261707217262e-01
3.748068938664565586e+00 7.445105211478072471e-01
3.745570137529798949e+00 7.487662103361580890e-01
3.743145113288308679e+00 7.531667999550303305e-01
3.740796608359517883e+00 7.578107146839873076e-01
3.738534916634207672e+00 7.627880589143291035e-01
3.736367653249382581e+00 7.682239745391926666e-01
3.734301056997158419e+00 7.741970328667149293e-01
3.732344198051855688e+00 7.808312184657453248e-01
3.730495227832021143e+00 7.881715681003890195e-01
3.728736912805131976e+00 7.962850168372076487e-01
3.727097351794629976e+00 8.052303512494609627e-01
3.725544219304566251e+00 8.149703961451348899e-01
3.724105697140618787e+00 8.255394827205686514e-01
3.722754038026289347e+00 8.369122493650630323e-01
3.721503594673446269e+00 8.490539800579209873e-01
3.720328742650330422e+00 8.619029464319882816e-01
3.719229566855782654e+00 8.753486651613680003e-01
3.718204183220205739e+00 8.893791395753815054e-01
3.717228143266317453e+00 9.039175927589595538e-01
3.716330089085196686e+00 9.188508800307660929e-01
3.715507953336851799e+00 9.337895006956359323e-01
3.714742076580070496e+00 9.484078829825323131e-01
3.714056004412245482e+00 9.626533140223335616e-01
3.713406422108125771e+00 9.765688570707035110e-01
3.712812681033555773e+00 9.901662621924154362e-01
3.712251292505317934e+00 1.003419214819261329e+00
3.711733974802724489e+00 1.016381334604532061e+00
3.711228504695339492e+00 1.028996651262592321e+00
3.710753155311925511e+00 1.041332560776224714e+00
3.710302896608176582e+00 1.053419512654099721e+00
3.709866557739092574e+00 1.065276219691939863e+00
3.709453612058246197e+00 1.076864715869421341e+00
3.709056792029487681e+00 1.088231809682118412e+00
3.708673727579984369e+00 1.099363350140877715e+00
3.708281780105410874e+00 1.110268045407422299e+00
3.707918815942467639e+00 1.120963763589591933e+00
3.707568864621608284e+00 1.131473994769097047e+00
3.707218439386642306e+00 1.141827145442504410e+00
3.706880065671446012e+00 1.151993369165096759e+00
3.706561687630015811e+00 1.161971353149811037e+00
3.706242130899584541e+00 1.171766245331891998e+00
3.705936589585128171e+00 1.181423820386573009e+00
3.705619422204719626e+00 1.190941430540783497e+00
3.705319584128364152e+00 1.200351895143757508e+00
3.705038032095898881e+00 1.209529616297609467e+00
3.704738796112696075e+00 1.218666650042404820e+00
3.704449375824549140e+00 1.227616823204227270e+00
3.704173111805923568e+00 1.236393060185965398e+00
3.703897541296421458e+00 1.245095911895363283e+00
3.703620471562655503e+00 1.253662543337264124e+00
3.703352194536345010e+00 1.262128899788411251e+00
3.703084589501923762e+00 1.270466702364358103e+00
3.702818801136892546e+00 1.278757287521787633e+00
3.702695987940748168e+00 1.283025006339175045e+00
