3.674128337059586080e+00 2.358593894705959482e+00
3.673462878363339179e+00 2.355708746267196396e+00
3.671810293722164165e+00 2.348529443255360061e+00
3.668764947818849986e+00 2.335248274636810617e+00
3.664454888745255712e+00 2.316276156236213080e+00
3.659811314664795479e+00 2.295524570191059155e+00
3.656132524171184173e+00 2.278643074877818364e+00
3.654026517314392652e+00 2.268507405697755441e+00
3.653162123320147003e+00 2.263972932871600285e+00
3.652935966697526737e+00 2.262500839661983232e+00
3.652900098047482391e+00 2.262048422189992358e+00
3.652904714487015259e+00 2.261755936687248614e+00
3.652927188828038574e+00 2.261185531547937444e+00
3.652983365209975908e+00 2.259780198002843132e+00
3.653121479082981349e+00 2.256316123952192498e+00
3.653455886018621701e+00 2.247893300310461751e+00
3.654192552772221436e+00 2.229622922046613276e+00
3.655086223567412418e+00 2.207515333770079913e+00
3.655945110812539589e+00 2.185163759280040363e+00
3.656803704909415309e+00 2.162851346700230160e+00
3.657694572690281198e+00 2.140672309478475643e+00
3.658577640473171133e+00 2.118420918342480697e+00
3.659456689294784404e+00 2.096144946930397435e+00
3.660272086579969830e+00 2.073639785362072274e+00
3.661145802443434238e+00 2.051385404895268660e+00
3.662000611686265117e+00 2.029112126454096554e+00
3.662818950125601436e+00 2.006730928761450539e+00
3.663666694959736958e+00 1.984541475073154482e+00
3.664440296101710626e+00 1.962064989681143068e+00
3.665250822579310785e+00 1.939649978218733528e+00
3.666050465885913212e+00 1.917192278415013496e+00
3.666860999336976068e+00 1.894822442818344221e+00
3.667606666389824355e+00 1.872431729104888198e+00
3.668396190519745748e+00 1.850415130628234373e+00
3.669145631446295575e+00 1.828293406155141687e+00
3.669920919911513035e+00 1.806304355456244126e+00
3.670657741034046850e+00 1.784179261020993890e+00
3.671388802309029753e+00 1.762103811766186245e+00
3.672078289944663787e+00 1.739896972321590685e+00
3.672801691301773808e+00 1.717885345878128911e+00
3.673489103622348484e+00 1.695769452823819412e+00
3.674185667635653463e+00 1.673735369338129830e+00
3.674866367186983229e+00 1.651677668181998682e+00
3.675515184503023391e+00 1.629530755654651442e+00
3.676222094678598395e+00 1.607647592740760523e+00
3.676873455779085198e+00 1.585586077256286197e+00
3.677490626506864757e+00 1.563434715399674380e+00
3.678105971128980745e+00 1.541324140389054742e+00
3.678746503334075602e+00 1.519351058113884934e+00
3.679391840526052171e+00 1.497442062232537285e+00
3.679967466038146728e+00 1.475275737315927094e+00
3.680547455426945724e+00 1.453193056602758215e+00
3.681160509484140420e+00 1.431278139301534802e+00
3.681743339034118989e+00 1.409277155806621717e+00
3.682276118398391418e+00 1.387116643900630164e+00
3.682818425832651510e+00 1.365045090200100342e+00
3.683381496911866115e+00 1.343094327986882552e+00
3.683899421414115860e+00 1.320995665477114001e+00
3.684443304864527313e+00 1.299055672092622071e+00
3.684910098349424956e+00 1.276825067614646869e+00
3.685432767563993295e+00 1.254889137605824878e+00
3.685901665190944865e+00 1.232747095003415616e+00
3.686361461554479746e+00 1.210635716409335760e+00
3.686831921869007989e+00 1.188598923889520265e+00
3.687253131730488409e+00 1.166400031499970957e+00
3.687656600673514529e+00 1.144192393460109036e+00
3.688095361309027265e+00 1.122160681115978997e+00
3.688476311696110788e+00 1.099931499742465402e+00
3.688888308179130160e+00 1.077855009687153753e+00
3.689272834562240533e+00 1.055715282510456543e+00
3.689594194593807774e+00 1.033383567268602921e+00
3.689986859156634491e+00 1.011368940044125253e+00
3.690319433716862996e+00 9.891675689306508312e-01
3.690655108916523819e+00 9.670054442665424466e-01
3.690940607173322618e+00 9.446875627817556964e-01
3.691201534023946351e+00 9.223267023070854664e-01
3.691513253251486049e+00 9.001868637521486249e-01
3.691763331315729424e+00 8.778528225645428895e-01
3.691991655013219908e+00 8.554727972193149066e-01
3.692186074748739166e+00 8.330056243082172296e-01
3.692418521068565607e+00 8.107200986801897935e-01
3.692657185684657506e+00 7.884994184531982642e-01
3.692817862698622111e+00 7.660041703065970653e-01
3.692946765340066051e+00 7.434396997815484465e-01
3.693078924191320223e+00 7.209301360872437670e-01
3.693219571598823858e+00 6.984756162593074302e-01
3.693298513621184220e+00 6.758288239831262700e-01
3.693401236849211511e+00 6.533246797917755533e-01
3.693439591853145743e+00 6.305931501391071059e-01
3.693476164884876400e+00 6.079012752158817756e-01
3.693548157212418470e+00 5.853507521559027094e-01
3.693538759473455446e+00 5.625317933700746398e-01
3.693530529700270293e+00 5.397700528295120703e-01
3.693475416927985755e+00 5.168569017791477815e-01
3.693402841158030192e+00 4.939237041133252015e-01
3.693337554312809523e+00 4.710654707463947655e-01
3.693223405514563851e+00 4.480519480509045360e-01
3.693100038493014825e+00 4.250485893508420543e-01
3.692978377584997585e+00 4.020840046673610502e-01
3.692800035241025292e+00 3.789243740358616552e-01
3.692590699176201863e+00 3.557050747712671157e-01
3.692360062767270801e+00 3.324606881840799222e-01
3.692107276829527329e+00 3.091961074428877243e-01
3.691906106761619011e+00 2.862016633016896128e-01
3.691627566074444200e+00 2.629571419308661673e-01
3.691336338267462214e+00 2.397577048749987005e-01
3.691033764144880269e+00 2.166093474165930732e-01
3.690735797808456731e+00 1.935769085363958086e-01
3.690424381009156818e+00 1.706044342530972924e-01
3.690151354346589585e+00 1.479093721556549723e-01
3.689843188683995301e+00 1.251866385148226180e-01
3.689548114619781938e+00 1.026481198153352398e-01
3.689270143273315483e+00 8.034313354163254151e-02
3.689020457393457519e+00 5.833181589773291098e-02
3.688815382675263432e+00 3.668479718228487979e-02
3.688644276014069856e+00 1.538242378796846749e-02
3.688534839050412018e+00 -5.434302054042876307e-03
3.688511207972689832e+00 -2.565728622714846807e-02
3.688550184527249698e+00 -4.533607121391967226e-02
3.688727165927369267e+00 -6.413774770561614380e-02
3.689005041159382436e+00 -8.219106202041563669e-02
3.689435961623395155e+00 -9.921341076502325496e-02
3.690065343629334027e+00 -1.149754182433365690e-01
3.690901539802050380e+00 -1.293814365582761361e-01
3.691995567144645829e+00 -1.421517164543767697e-01
3.693395586338026337e+00 -1.530027142228304049e-01
3.695157392466607682e+00 -1.615854863037951838e-01
3.697383983203792468e+00 -1.673615562175549409e-01
3.700080311795146404e+00 -1.701293781070303823e-01
3.703322260227853491e+00 -1.694008629846902314e-01
3.707180363184698457e+00 -1.647628903638532483e-01
3.711650808302237259e+00 -1.561548305668519210e-01
3.716589738185084091e+00 -1.440573540873544556e-01
3.721816546187906916e+00 -1.294215791499269685e-01
3.727106784201046352e+00 -1.135584886707634161e-01
3.732436210397945597e+00 -9.717378663103323766e-02
3.737625668015656100e+00 -8.139641674802987337e-02
3.742681807168823482e+00 -6.655213728277580010e-02
3.747600937789465902e+00 -5.292735000084122787e-02
3.752363563659891543e+00 -4.079536945889329635e-02
3.756967583746536388e+00 -3.012186484397537042e-02
3.761436535955251959e+00 -2.089199590537616294e-02
3.765746466700096384e+00 -1.305178060616399467e-02
3.769955499164350243e+00 -6.507802115762761387e-03
3.774013624092096730e+00 -1.259893438847683881e-03
3.777941713292980896e+00 2.759355935796431892e-03
3.781753137267035214e+00 5.516959109960228522e-03
3.785434368162175822e+00 6.909672958337993547e-03
3.788944626797056348e+00 6.670931766399806201e-03
3.792236011674805951e+00 4.268582361711369122e-03
3.795171364892123034e+00 -1.268193667336909181e-03
3.797530171737642402e+00 -1.153627521985165459e-02
3.798971792609363352e+00 -2.897446788309329668e-02
3.799049555426878833e+00 -5.676160173405811471e-02
3.797252769357531310e+00 -9.584842226937903553e-02
3.794164378739712351e+00 -1.370715517192880317e-01
3.791366917783535406e+00 -1.666109701600299309e-01
3.790687985250108305e+00 -1.729182336699741362e-01
3.788431455335192766e+00 -1.892412054977508362e-01
3.787995008226284099e+00 -1.855513012142962215e-01
3.787501402995563815e+00 -1.815106966856085136e-01
3.787397384923588461e+00 -1.771425934351699427e-01
3.787720047568327697e+00 -1.710390341152248084e-01
3.788807293669368192e+00 -1.594541886124569707e-01
3.791615880071981248e+00 -1.331357443764755732e-01
3.795750746781330953e+00 -9.405702392167525350e-02
3.799722995504783984e+00 -5.454168309165479539e-02
3.803386557137308888e+00 -1.568668212721711572e-02
3.806095026194384001e+00 1.507404297149005611e-02
3.806744807760322757e+00 2.273488834944998108e-02
3.809835779135378520e+00 6.077942889996167108e-02
3.812691456906558862e+00 9.838631482138356088e-02
3.815338198343985798e+00 1.354850328124110048e-01
3.817801308562294604e+00 1.720725687483853905e-01
3.820069961782248669e+00 2.081990201216755709e-01
3.822100629852862586e+00 2.436588472766127167e-01
3.823881683580436341e+00 2.784504110226845852e-01
3.825379639590432923e+00 3.127583218568945611e-01
3.826539927501539928e+00 3.463597483584903713e-01
3.827324139818976345e+00 3.796383648251246412e-01
3.827605530967642888e+00 4.131080915015305499e-01
3.827288043896924119e+00 4.426080972205557740e-01
3.826939933615703282e+00 4.552473243996484342e-01
3.826640414012937530e+00 4.635536101539755593e-01
3.826308001732297015e+00 4.712051763905429347e-01
3.825935518702416882e+00 4.783918274904695456e-01
3.825543684847811932e+00 4.851606145530464875e-01
3.825132900276429826e+00 4.915298317325224597e-01
3.824698623366113548e+00 4.975344058490029364e-01
3.824260997394471229e+00 5.032014866706389089e-01
3.823812408936790863e+00 5.085500928592294745e-01
3.823355389293261464e+00 5.136130056467703708e-01
3.822463264160732788e+00 5.226457694282581334e-01
3.820413734103051961e+00 5.403728790698690831e-01
3.817905185483102315e+00 5.581935872714073321e-01
3.815196200906489921e+00 5.742477701437544990e-01
3.812362231001210411e+00 5.887223927732069262e-01
3.809441089243107648e+00 6.018736091346353900e-01
3.806450448671201858e+00 6.138990775702600766e-01
3.803427110377116005e+00 6.249660832995447279e-01
3.800385411777160716e+00 6.352177651179026219e-01
3.797315437139168637e+00 6.447351207351743607e-01
3.794272828423562949e+00 6.535978111512406041e-01
3.791226171280210000e+00 6.619117114128724166e-01
3.788187658508567424e+00 6.697290102967998759e-01
3.785175381079123103e+00 6.771178826183369415e-01
3.782162797587595993e+00 6.841326557252779272e-01
3.779167794667350311e+00 6.907731960316431108e-01
3.776195629870259918e+00 6.970715237991591540e-01
3.773239922800270651e+00 7.030421583405557229e-01
3.770329507308091355e+00 7.087075579143898851e-01
3.767430022481580654e+00 7.140978472021884960e-01
3.766286040249648970e+00 7.161764587084571421e-01
3.764576239692194015e+00 7.192095066378875190e-01
3.761757872740409070e+00 7.240762702249331495e-01
3.758965650182728435e+00 7.287262100502981399e-01
3.756232835398202408e+00 7.331951148999543699e-01
3.753542242016640440e+00 7.375035216631024015e-01
3.750897174793525579e+00 7.417175929837002135e-01
3.748313108292135709e+00 7.458783474444065087e-01
3.745812815221223335e+00 7.500866924226333721e-01
3.743391852445765444e+00 7.544275433421407939e-01
3.741040889690339100e+00 7.589934366732851156e-01
3.738776520343999987e+00 7.638944076614126999e-01
3.736611492930574929e+00 7.692288020137664217e-01
3.734536889965587303e+00 7.751025113308747105e-01
3.732569143441264448e+00 7.816028854581266172e-01
3.730709731425728481e+00 7.887985362618641361e-01
3.728943995160236113e+00 7.967625327410539082e-01
3.727299155325766833e+00 8.055537294563607231e-01
3.725744229083873815e+00 8.151607267741668439e-01
3.724280972832017422e+00 8.256022511837386446e-01
3.722926607757615969e+00 8.368977158965683616e-01
3.721648507642721704e+00 8.489221071008297148e-01
3.720472446789786058e+00 8.616529285506223657e-01
3.719353359196637232e+00 8.750004904852292098e-01
3.718323998874053071e+00 8.889561930306992821e-01
3.717361088362614918e+00 9.034027031520793782e-01
3.716453217960471012e+00 9.182591187612568762e-01
3.715599617985995806e+00 9.332278201840217280e-01
3.714842406945269015e+00 9.479227676238872746e-01
3.714142766442579902e+00 9.622335449528760520e-01
3.713497033329427932e+00 9.762161488580801683e-01
3.712900790435524900e+00 9.898142599513546358e-01
3.712339105682509910e+00 1.003091294835315006e+00
3.711795956438888044e+00 1.016067770774185197e+00
3.711302600690757902e+00 1.028762887387879132e+00
3.710814085043721011e+00 1.041167568175246139e+00
3.710358215628433598e+00 1.053256319906817007e+00
3.709924506564945546e+00 1.065109321085188077e+00
3.709505248197556782e+00 1.076763235545588948e+00
3.709093739108467069e+00 1.088131261021612950e+00
3.708708462514207493e+00 1.099286960758274923e+00
3.708323819985335668e+00 1.110229353826505339e+00
3.707969252659052195e+00 1.120952762661214797e+00
3.707617804528115180e+00 1.131520204492491244e+00
3.707277401414698303e+00 1.141910796281720764e+00
3.706931418980880633e+00 1.152087088362685918e+00
3.706609928547915711e+00 1.162059239483343998e+00
3.706291896821518161e+00 1.171900512367569203e+00
3.705960715710276521e+00 1.181584985997443660e+00
3.705650902021200732e+00 1.191090915495004898e+00
3.705352533019306449e+00 1.200500639613313325e+00
3.705068270793365315e+00 1.209721276735183482e+00
3.704765376109004027e+00 1.218854843979970015e+00
3.704483223152554405e+00 1.227811436647742394e+00
3.704210494799537567e+00 1.236628924421956155e+00
3.703923431181331605e+00 1.245353123357432423e+00
3.703655037831835806e+00 1.253919517972595266e+00
3.703377097758794534e+00 1.262395468140604660e+00
3.703099314217942695e+00 1.270771630372380834e+00
3.702838435482283419e+00 1.279002092846489136e+00
3.702577214568674613e+00 1.287185695734029522e+00
3.702329160966018939e+00 1.295205141733467347e+00
3.702077713132905235e+00 1.303153242403324530e+00
3.701837359995789889e+00 1.310944981194436476e+00
3.701584205104534675e+00 1.318715830564234803e+00
3.701337640076253876e+00 1.326417385360409540e+00
3.701105098521263237e+00 1.333955027906084112e+00
3.700854865726016296e+00 1.341469798992317441e+00
3.700625717288779093e+00 1.348881212677983443e+00
3.700395880132202109e+00 1.356170649904078207e+00
3.700160309204861164e+00 1.363458326321460801e+00
3.699933698683026684e+00 1.370565199352710151e+00
3.699687637244394534e+00 1.377665320699273943e+00
3.699464752291482750e+00 1.384709766070509218e+00
3.699252068635082491e+00 1.391639644064544656e+00
3.699032780672487863e+00 1.398500558520471282e+00
3.698809327286220139e+00 1.405251907266162004e+00
3.698585832933752204e+00 1.412001377920255152e+00
3.698380276409851675e+00 1.418592893201876537e+00
3.698157968133143125e+00 1.425217689164947066e+00
3.697946703576680871e+00 1.431775942616846375e+00
3.697746839255926066e+00 1.438174777432320584e+00
3.697538111743049249e+00 1.444634959340287184e+00
3.697329240226175706e+00 1.451002519071062036e+00
3.697113123986567551e+00 1.457286154940007794e+00
3.696913160619835104e+00 1.463516193390932640e+00
3.696707960542136018e+00 1.469684461789503738e+00
3.696506488205378638e+00 1.475778253920673189e+00
3.696307368050392395e+00 1.481876160741864679e+00
3.696114440933388146e+00 1.487822535315540762e+00
3.695918714644033543e+00 1.493797607834175922e+00
3.695719469458170536e+00 1.499722072951554130e+00
3.695527683897218196e+00 1.505587042574147105e+00
3.695437637786392671e+00 1.508143788302948041e+00
