3.672698530341449885e+00 2.281555006990962919e+00
3.672057319165157541e+00 2.278776472341550008e+00
3.670466801976658644e+00 2.271871025660982202e+00
3.667557505705612453e+00 2.259187952879914363e+00
3.663436235418111142e+00 2.241056521828107329e+00
3.659006182642827287e+00 2.221275794132199000e+00
3.655557262747132441e+00 2.205455513800524514e+00
3.653595718515632029e+00 2.196031047583931972e+00
3.652818103111863834e+00 2.191949508587091255e+00
3.652608933257829538e+00 2.190610132638238117e+00
3.652577225323133003e+00 2.190210188257277313e+00
3.652581569760091185e+00 2.189944376359182154e+00
3.652601990613146388e+00 2.189415507150636930e+00
3.652653012125934850e+00 2.188110960747965184e+00
3.652778562428917297e+00 2.184893135278615617e+00
3.653082638585296138e+00 2.177054206110900836e+00
3.653757257811696135e+00 2.159512518749653776e+00
3.654631374789440557e+00 2.137327548038241432e+00
3.655508352223688640e+00 2.114965770820261604e+00
3.656350492140577391e+00 2.092502181312089871e+00
3.657233887672726613e+00 2.070249149561327773e+00
3.658072246229193691e+00 2.047852782820699602e+00
3.658922550369267057e+00 2.025441475900025434e+00
3.659796011538169136e+00 2.003126428224864863e+00
3.660606153806673646e+00 1.980578233345378747e+00
3.661419962463026145e+00 1.958122858264511601e+00
3.662235630837927580e+00 1.935733470954375424e+00
3.663004425545227871e+00 1.913182517852352493e+00
3.663803913923152411e+00 1.890872665464031543e+00
3.664595294684408699e+00 1.868588727607693789e+00
3.665387060424396548e+00 1.846365654394688249e+00
3.666133112765053603e+00 1.823983924634225318e+00
3.666891093163665793e+00 1.801726389355028379e+00
3.667596959335190032e+00 1.779295468720695217e+00
3.668379099476684058e+00 1.757204711862236257e+00
3.669066558148100565e+00 1.734776239530534170e+00
3.669813914004991684e+00 1.712651173061548349e+00
3.670488166188384582e+00 1.690246513788408400e+00
3.671196705356309931e+00 1.668045929504658353e+00
3.671871641248623419e+00 1.645734527746601117e+00
3.672573236466472490e+00 1.623592079332730087e+00
3.673207650076278252e+00 1.601203583375898631e+00
3.673860636045314543e+00 1.578951356430482678e+00
3.674462627751706290e+00 1.556534059700477979e+00
3.675104590902498192e+00 1.534317331129602557e+00
3.675778233710967235e+00 1.512279936172464367e+00
3.676361591647720584e+00 1.489954491666794834e+00
3.676986170386359998e+00 1.467835406521840635e+00
3.677545021286121596e+00 1.445495615991689631e+00
3.678159546038790584e+00 1.423415222417117265e+00
3.678711098471079577e+00 1.401136697631725436e+00
3.679293749462940077e+00 1.379002870567061390e+00
3.679803104532443303e+00 1.356627968456363131e+00
3.680373466352727441e+00 1.334540631439442571e+00
3.680879126254622768e+00 1.312228745960938081e+00
3.681354118970191713e+00 1.289860956047635288e+00
3.681896613429820331e+00 1.267793241432130236e+00
3.682356826066170097e+00 1.245437339320075942e+00
3.682841768708533081e+00 1.223238805627366865e+00
3.683265992512726239e+00 1.200836538332821446e+00
3.683740124650283221e+00 1.178673941860050700e+00
3.684150684535358433e+00 1.156303105050551006e+00
3.684612921722528078e+00 1.134159488804225679e+00
3.684999117177253147e+00 1.111772296027845108e+00
3.685364578833535187e+00 1.089358371091829314e+00
3.685785262042799992e+00 1.067211735145476847e+00
3.686131149476505442e+00 1.044781108141851433e+00
3.686483297665133829e+00 1.022432729453178535e+00
3.686830887414101365e+00 1.000107219212662324e+00
3.687121114023630852e+00 9.775883510415150912e-01
3.687450488308305463e+00 9.552743280812453497e-01
3.687714528072047582e+00 9.327422028770702145e-01
3.687951805968680219e+00 9.101636462246907033e-01
3.688242111227411080e+00 8.878213595491986077e-01
3.688493456541586557e+00 8.653781590052920247e-01
3.688719268795938255e+00 8.428748389212210590e-01
3.688906908556304209e+00 8.202579598475817635e-01
3.689089352561167434e+00 7.976616417659322389e-01
3.689305435479863782e+00 7.752411827041503223e-01
3.689447589280614004e+00 7.525443886689195949e-01
3.689569238801741147e+00 7.298267987972002491e-01
3.689676761976141695e+00 7.071033414702696529e-01
3.689745995973318315e+00 6.842734715668810086e-01
3.689858058251607176e+00 6.616531415173171338e-01
3.689920277089746126e+00 6.388776026741660452e-01
3.689963364864356610e+00 6.160618454010445832e-01
3.689976216451895663e+00 5.931687553041552485e-01
3.689957292750285500e+00 5.701948870878865705e-01
3.689947792057171050e+00 5.472997641623503773e-01
3.689878234486431818e+00 5.242183391114165758e-01
3.689804791587689703e+00 5.011531759460607915e-01
3.689747319856514274e+00 4.781821564562287463e-01
3.689630688985942708e+00 4.550325640463530608e-01
3.689480840842630283e+00 4.317970301198086891e-01
3.689373694139680193e+00 4.087701336139231145e-01
3.689184843836322170e+00 3.854473182719196922e-01
3.688971699575558816e+00 3.620826268527400082e-01
3.688734579833263361e+00 3.386695899116352604e-01
3.688492199635141411e+00 3.152732062528766366e-01
3.688206051881077752e+00 2.917459927320758539e-01
3.687907722909650410e+00 2.682143816706885064e-01
3.687571648319190043e+00 2.445855190704909199e-01
3.687234341221137690e+00 2.209998865643650057e-01
3.686844363307167693e+00 1.972625666568339764e-01
3.686462260813406555e+00 1.736073896966869867e-01
3.686086052010299152e+00 1.500336909015411446e-01
3.685653328014931507e+00 1.263231850366995646e-01
3.685207299485417476e+00 1.026471714390903844e-01
3.684754616495324431e+00 7.904016907409597281e-02
3.684304055913174558e+00 5.554708126341384444e-02
3.683841352997786700e+00 3.211797778095740880e-02
3.683372825180963428e+00 8.785379918421466761e-03
3.682958929945092663e+00 -1.421338196918303133e-02
3.682522671179415230e+00 -3.715413937623764096e-02
3.682110561317261777e+00 -5.983318413155214871e-02
3.681728700893779127e+00 -8.221723125562391266e-02
3.681388035527644043e+00 -1.042469598915247847e-01
3.681104469922566569e+00 -1.258325742492313049e-01
3.680884580572346021e+00 -1.469264503191327342e-01
3.680749657653169304e+00 -1.674240039366292343e-01
3.680717103295685355e+00 -1.872286060615444558e-01
3.680809642139517113e+00 -2.062106347599424738e-01
3.681057346609881264e+00 -2.242135521296388656e-01
3.681449400792700111e+00 -2.412638563049623874e-01
3.682043573167930628e+00 -2.570516216755877603e-01
3.682858339606191578e+00 -2.714326416184701940e-01
3.683963331707595046e+00 -2.840702214014419469e-01
3.685391383272647925e+00 -2.947397649513147089e-01
3.687197492216808925e+00 -3.031183577421935338e-01
3.689438860206354587e+00 -3.088415472638786352e-01
3.692212188715028987e+00 -3.113911212624248526e-01
3.695531585904344496e+00 -3.106314097129231899e-01
3.699425251449388607e+00 -3.063281242678230765e-01
3.703918607619279157e+00 -2.983707934883060298e-01
3.708917741358714437e+00 -2.871512801049982411e-01
3.714221156756923659e+00 -2.736601451528507534e-01
3.719670389609783356e+00 -2.589222521735419225e-01
3.725152070369226021e+00 -2.438797320566711002e-01
3.730497564934806665e+00 -2.295563776127529099e-01
3.735718267858771924e+00 -2.161816916557641466e-01
3.740779410811903904e+00 -2.041336423652350962e-01
3.745671342370179069e+00 -1.935882409919794656e-01
3.750357963706377973e+00 -1.847744079628555747e-01
3.754838861972989328e+00 -1.776722613595597966e-01
3.759149977653325259e+00 -1.722414883853205236e-01
3.763250897343057400e+00 -1.686202353689126299e-01
3.767113746062975554e+00 -1.669423461653093688e-01
3.770651610978926094e+00 -1.676213503820628559e-01
3.773803786809230676e+00 -1.712627262471900502e-01
3.776342021198135779e+00 -1.793510813904741208e-01
3.777942658689046329e+00 -1.943240592266607669e-01
3.778031925867600727e+00 -2.197214633413905049e-01
3.775903268533249424e+00 -2.589712942296876763e-01
3.771701041418915601e+00 -3.057433446500328889e-01
3.770745855984877881e+00 -3.147247066072382804e-01
3.766943615252594135e+00 -3.466974472238474325e-01
3.764014464511855618e+00 -3.644294945585722090e-01
3.764199238468473485e+00 -3.570501454293720789e-01
3.763590012587611167e+00 -3.542261032742941018e-01
3.763345738487126724e+00 -3.498896973225585350e-01
3.763601999950445975e+00 -3.440184063042484586e-01
3.764631817985400808e+00 -3.333525962748887794e-01
3.767364516576891198e+00 -3.095608619174280984e-01
3.772215980387807033e+00 -2.675616709110094638e-01
3.777042389744294848e+00 -2.235851912923286500e-01
3.781481659763840319e+00 -1.803370881450150620e-01
3.784728156422443313e+00 -1.463169948747831128e-01
3.785498978874052511e+00 -1.378957141236288320e-01
3.789132742026175560e+00 -9.619306139908735676e-02
3.792418455431477931e+00 -5.495496948429067635e-02
3.795392418042805804e+00 -1.422039066600629641e-02
3.798079001181829728e+00 2.586958267416518062e-02
3.800459945158117137e+00 6.508447739265067755e-02
3.800816501460112740e+00 7.134540933755512127e-02
