3.674143515014250294e+00 2.359688973066677686e+00
3.673481438973292157e+00 2.356817795148387962e+00
3.671827887335779028e+00 2.349634292154790582e+00
3.668795665755678836e+00 2.336406576305182892e+00
3.664468541976335647e+00 2.317363263103436211e+00
3.659818446997971986e+00 2.296583653094631750e+00
3.656138190398360521e+00 2.279694973695173488e+00
3.654021220136102421e+00 2.269512771005212315e+00
3.653166155496877732e+00 2.265014628267512542e+00
3.652939564557469154e+00 2.263539732068577948e+00
3.652903633430215180e+00 2.263086438155700986e+00
3.652908280820288400e+00 2.262793638637282889e+00
3.652930855518583542e+00 2.262222890034939482e+00
3.652987290221833661e+00 2.260816769654120595e+00
3.653126095656620720e+00 2.257351013296273745e+00
3.653462053508949481e+00 2.248923769417821905e+00
3.654181812270459240e+00 2.230607847222613405e+00
3.655069742003485889e+00 2.208452612474209431e+00
3.655950932313563495e+00 2.186132627519276284e+00
3.656856005002531163e+00 2.163947424307905099e+00
3.657725178142916089e+00 2.141655144992596682e+00
3.658577377545526588e+00 2.119350336205743979e+00
3.659404805940052352e+00 2.096972197183901709e+00
3.660297703060219288e+00 2.074875250863582821e+00
3.661124796642785117e+00 2.052579125649434566e+00
3.662012909303827612e+00 2.030545692866664531e+00
3.662828423386388366e+00 2.008250519606137097e+00
3.663636611535943555e+00 1.985926086787647593e+00
3.664437650658402212e+00 1.963582236102349166e+00
3.665239533069640565e+00 1.941281339788149873e+00
3.666037426886680439e+00 1.918983468389807712e+00
3.666840648970220773e+00 1.896729369551322542e+00
3.667634084057961097e+00 1.874503086069974733e+00
3.668371933128179663e+00 1.852093633830627084e+00
3.669143890030900135e+00 1.829876825555177833e+00
3.669874048626398544e+00 1.807536938582905872e+00
3.670631593908954660e+00 1.785341800459197215e+00
3.671341910573487244e+00 1.763021302345536112e+00
3.672087161204041106e+00 1.740874241940952194e+00
3.672793609135099224e+00 1.718617350071498295e+00
3.673483508965347255e+00 1.696344345299399148e+00
3.674198750431137750e+00 1.674201084881305146e+00
3.674868710085181345e+00 1.651938264233582476e+00
3.675562594827811225e+00 1.629784016743881736e+00
3.676273067653224036e+00 1.607734913552172795e+00
3.676919161117386370e+00 1.585480663160548254e+00
3.677559803014749829e+00 1.563271276420418854e+00
3.678165649502957546e+00 1.540964232690960944e+00
3.678828211637705792e+00 1.518917412696132230e+00
3.679427051803745297e+00 1.496671827524058473e+00
3.680064844690916104e+00 1.474604171434082733e+00
3.680625141445579285e+00 1.452277131352869510e+00
3.681249635867428260e+00 1.430255233183123975e+00
3.681811713947249931e+00 1.408017446617523039e+00
3.682343337024262198e+00 1.385727097237745342e+00
3.682905752556437040e+00 1.363598730938979209e+00
3.683451116989010288e+00 1.341436942130724619e+00
3.683994924452144382e+00 1.319313913620705270e+00
3.684482436788284687e+00 1.297012703542845813e+00
3.685025521175530283e+00 1.274971626011249359e+00
3.685493155258642961e+00 1.252664107230582191e+00
3.686001014049116620e+00 1.230560842326365867e+00
3.686449076911816114e+00 1.208261872563861417e+00
3.686868931996289511e+00 1.185912089786361090e+00
3.687345215817241062e+00 1.163810904512068589e+00
3.687778566532413649e+00 1.141584413827464450e+00
3.688195205019878298e+00 1.119334751533441974e+00
3.688583320171519908e+00 1.097013542780771456e+00
3.689010098193694187e+00 1.074886310101321740e+00
3.689370565494202836e+00 1.052537885519599703e+00
3.689759730961885698e+00 1.030359041964213240e+00
3.690082610597834378e+00 1.007927962407094036e+00
3.690452284356736001e+00 9.857263132769317204e-01
3.690762587771891923e+00 9.633268256179781108e-01
3.691047838873434017e+00 9.408822540664869560e-01
3.691333544380938747e+00 9.184879628650848282e-01
3.691608858819749539e+00 8.961008638187003550e-01
3.691856330238746153e+00 8.736397848887370587e-01
3.692069582863307442e+00 8.510969795975713570e-01
3.692327682310870163e+00 8.287557418962563371e-01
3.692559230127445691e+00 8.063566111392476143e-01
3.692731986303518621e+00 7.837464647909562210e-01
3.692882547751418443e+00 7.611088439359479096e-01
3.693011762067493819e+00 7.384389461364734286e-01
3.693209742701038856e+00 7.160674771540285199e-01
3.693311427783151135e+00 6.933355347851952732e-01
3.693385053940873242e+00 6.705519556722493446e-01
3.693467440242549138e+00 6.478465698849477095e-01
3.693543450875685696e+00 6.251619907189333025e-01
3.693563071848565471e+00 6.022839844333701675e-01
3.693560519154217126e+00 5.793747296793229085e-01
3.693584138135538542e+00 5.566079876435925389e-01
3.693552252371807398e+00 5.336715050959996987e-01
3.693484999588877216e+00 5.106362431145368141e-01
3.693464896487384852e+00 4.878312417708759452e-01
3.693375454906077326e+00 4.647743332305905306e-01
3.693253960140926218e+00 4.416447040291872073e-01
3.693104819262351679e+00 4.184519800324866812e-01
3.692931790857934882e+00 3.952157179467000181e-01
3.692767260245326089e+00 3.720576029663063000e-01
3.692550628634405641e+00 3.487539266572806662e-01
3.692361668165140554e+00 3.256103722532229794e-01
3.692106017226103543e+00 3.022693043445087713e-01
3.691831309072933553e+00 2.789305859947475708e-01
3.691591817118796470e+00 2.558055536685024944e-01
3.691294878163900339e+00 2.325458463096329587e-01
3.690982964014170253e+00 2.093225107660202922e-01
3.690660131994260684e+00 1.861627033516091434e-01
3.690421358018261877e+00 1.634554063002992830e-01
3.690117693044983938e+00 1.405877910092194483e-01
3.689822907183080147e+00 1.179080336550892422e-01
3.689546133327046284e+00 9.545340174580102532e-02
3.689286432500694879e+00 7.323295472833611652e-02
3.689051061346979576e+00 5.129079700243383000e-02
3.688836767275637030e+00 2.963398734231918047e-02
3.688682729060191789e+00 8.426953465926792855e-03
3.688649736560325021e+00 -1.206251688820780647e-02
3.688646388171547663e+00 -3.216909095991792727e-02
3.688738621676352469e+00 -5.158091062413738132e-02
3.688946602725021062e+00 -7.018247409017129568e-02
3.689292688871915971e+00 -8.784814095990171878e-02
3.689801961049935741e+00 -1.044210563765339550e-01
3.690503187352051739e+00 -1.197273766544101475e-01
3.691499376571484969e+00 -1.332968657642543131e-01
3.692730649080055105e+00 -1.453015592539066425e-01
3.694299345534884260e+00 -1.551989751336055046e-01
3.696266726400202263e+00 -1.626046745973563634e-01
3.698691313398833724e+00 -1.671171101281893889e-01
3.701649172649077446e+00 -1.682650971709848675e-01
3.705205362383236611e+00 -1.656416566419302572e-01
3.709360376396925840e+00 -1.591001974256865958e-01
3.714082269882652554e+00 -1.486823969749716257e-01
3.719236155079603368e+00 -1.350141415559716618e-01
3.724505162975807249e+00 -1.196644104548906101e-01
3.729797088215425216e+00 -1.035128789475560501e-01
3.735064488406624417e+00 -8.728513672849169680e-02
3.740186407896758158e+00 -7.190715791732392448e-02
3.745163205274239182e+00 -5.765457931297294364e-02
3.749989553447746982e+00 -4.473750561867127773e-02
3.754700966393901052e+00 -3.326603633730822879e-02
3.759225300764829303e+00 -2.329330456526204629e-02
3.763621739446556091e+00 -1.468405703063976019e-02
3.767856418936899932e+00 -7.508622437795959594e-03
3.771974855282177685e+00 -1.553862407204058922e-03
3.775968715964485689e+00 3.115928782293214162e-03
3.779829124534594076e+00 6.575961431751746293e-03
3.783567498880643587e+00 8.760163216868609506e-03
3.787174979381748852e+00 9.520222074687587771e-03
3.790600020855313002e+00 8.486216454299465653e-03
3.793774856787140770e+00 4.977987234609218027e-03
3.796491334475056600e+00 -2.214958682874691200e-03
3.798543099413290935e+00 -1.496927392112800369e-02
3.799507493062989738e+00 -3.608793616654086545e-02
3.798868448639898698e+00 -6.887002559277514979e-02
3.796451976190087230e+00 -1.098867141577510864e-01
3.793110648276397434e+00 -1.498513147127212009e-01
3.791708294663338474e+00 -1.639666041889432380e-01
3.789804717384756660e+00 -1.806507932036187924e-01
3.788582354124563789e+00 -1.855762850135884434e-01
3.788075264491249872e+00 -1.816146378029311614e-01
3.787747632457918012e+00 -1.773418698543255956e-01
3.787800220692315811e+00 -1.725598790154938000e-01
3.788366519924695197e+00 -1.648894738321159126e-01
3.789974558822901685e+00 -1.490271459581189450e-01
3.793578653635420128e+00 -1.154137248089164985e-01
3.797678586286133751e+00 -7.591732963018724134e-02
3.801514323828135922e+00 -3.681018837593946769e-02
3.805046595771314433e+00 1.756580355745700683e-03
3.806376336203064703e+00 1.707790408364572715e-02
3.808289172094065478e+00 3.994826465087777945e-02
3.811274469918890961e+00 7.768500421698848468e-02
3.814044119426982515e+00 1.149948014464224622e-01
3.816621507441389838e+00 1.518330733451077053e-01
3.819004445064168696e+00 1.881684338204748785e-01
3.821172576804949816e+00 2.238652705376991126e-01
3.823107264618812451e+00 2.589283724269705322e-01
3.824795036579085483e+00 2.935691950921549553e-01
3.826182902324317237e+00 3.276547219462997429e-01
3.827215231251106964e+00 3.611557350805206235e-01
3.827826206112840968e+00 3.946168328820220950e-01
3.827860783350587326e+00 4.281489371515728171e-01
3.827451971124335550e+00 4.509746345793312350e-01
3.827140032797284874e+00 4.606341796071433681e-01
3.826825005879311181e+00 4.686122782108178564e-01
3.826476148022283308e+00 4.760575378163329208e-01
3.826102239672461991e+00 4.830601616231146034e-01
3.825700801680429919e+00 4.896556006098344849e-01
3.825284015466514198e+00 4.958701968418190442e-01
3.824850583348690769e+00 5.017275009545784092e-01
3.824402231546553566e+00 5.072570612307721882e-01
3.823945092868981543e+00 5.124847256667460771e-01
3.823418602952045831e+00 5.181156174466772235e-01
3.822065771445840809e+00 5.310708244573080217e-01
3.819729486703305810e+00 5.495995122317427484e-01
3.817108752472415212e+00 5.667567709353431571e-01
3.814324860815905716e+00 5.821558114953351293e-01
3.811440150477213518e+00 5.960956848881532322e-01
3.808471018826862231e+00 6.087894753774424350e-01
3.805443870538357753e+00 6.204307318594108889e-01
3.802396066029317900e+00 6.311422952923129159e-01
3.799329829399160197e+00 6.411080189950485453e-01
3.796231736103816257e+00 6.503973070489483810e-01
3.793163628201329907e+00 6.590485572067724673e-01
3.790105221091854215e+00 6.671363809141527268e-01
3.787071051563994484e+00 6.747673137978552615e-01
3.784051341716238692e+00 6.819741696920338381e-01
3.781034975048878533e+00 6.888127046940292209e-01
3.778037054489193913e+00 6.952821247643653502e-01
3.775073149003161266e+00 7.014218684939064197e-01
3.772135675937726695e+00 7.072465201498783216e-01
3.769231889165962190e+00 7.127850441535452664e-01
3.766342168499583032e+00 7.180329213335218119e-01
3.763501502024111378e+00 7.230159877050906791e-01
3.760698757695521532e+00 7.277663335179171966e-01
3.757933763251802173e+00 7.323013832285468760e-01
3.755209344543608552e+00 7.366674868719759184e-01
3.752550862484922867e+00 7.409025845189596282e-01
3.749940701632788365e+00 7.450526565929377343e-01
3.747392216622370320e+00 7.491968454241951791e-01
3.744914400147087097e+00 7.534205515181411350e-01
3.742501187855992395e+00 7.578019512200269148e-01
3.740188707359070719e+00 7.624521035724153295e-01
3.737936625326135687e+00 7.674631397489503071e-01
3.735824409234754118e+00 7.729610917572975470e-01
3.733799125300292232e+00 7.790193993135219319e-01
3.731875898379154233e+00 7.857388446700280804e-01
3.730043480780476539e+00 7.931845407533482106e-01
3.728331804911981795e+00 8.014417739917926164e-01
3.726715681152949600e+00 8.105441797071853971e-01
3.725188884026934044e+00 8.204667822975426628e-01
3.723764399877100839e+00 8.312008931190970618e-01
3.722448498136948114e+00 8.427532989009145492e-01
3.721192702974908784e+00 8.550351960260919038e-01
3.720033574453825320e+00 8.679952082886240872e-01
3.718966416766948058e+00 8.815786420525979494e-01
3.717959724370371255e+00 8.956980683593829262e-01
3.716999564144367607e+00 9.102916568429044730e-01
3.716124336679176299e+00 9.252537548111361421e-01
3.715312386061980554e+00 9.401297270966775255e-01
3.714571060218688547e+00 9.546595324536404359e-01
3.713892200456885284e+00 9.688206114413301373e-01
3.713257531704984071e+00 9.826572596315276131e-01
3.712673034525270754e+00 9.961517092372723647e-01
3.712124776182851527e+00 1.009288263748733705e+00
3.711595956632497195e+00 1.022148319194397192e+00
3.711111149135653431e+00 1.034690735127146599e+00
3.710622505922832826e+00 1.046957158035584756e+00
3.710179191023284861e+00 1.058994114185849877e+00
3.709751265594501746e+00 1.070788118475941131e+00
3.709342759933173639e+00 1.082303786024137793e+00
3.708947710950657228e+00 1.093605217697755538e+00
3.708565847924955250e+00 1.104676062816452475e+00
3.708192568927504595e+00 1.115574620718153609e+00
3.707837460763319992e+00 1.126219028187515070e+00
3.707475976720577382e+00 1.136710618447444476e+00
3.707139096778512499e+00 1.146989725955049222e+00
3.706811994282247280e+00 1.157082423446609498e+00
3.706466148640110703e+00 1.167018093684480951e+00
3.706149084278481887e+00 1.176817268122283489e+00
3.705842662980285418e+00 1.186460246748361369e+00
3.705532834690160815e+00 1.195918717346539983e+00
3.705242255805744733e+00 1.205232448838370329e+00
3.704943206291826385e+00 1.214448890010691340e+00
3.704661198471923989e+00 1.223448454241455652e+00
3.704372277549663472e+00 1.232407047302528147e+00
3.704079068731945146e+00 1.241179499332175862e+00
3.703807583486939059e+00 1.249850604040832147e+00
3.703542518627473079e+00 1.258356480975095781e+00
3.703264937711998162e+00 1.266805524656114290e+00
3.703006356394554111e+00 1.275106623250799709e+00
3.702735086121199171e+00 1.283309005268367997e+00
3.702480192138611681e+00 1.291400317934545905e+00
3.702233556782063673e+00 1.299379786350929544e+00
3.701969784882994663e+00 1.307312060221782257e+00
3.701728548667995611e+00 1.315095093818596794e+00
3.701486195758691977e+00 1.322799848346341678e+00
3.701236607446329874e+00 1.330462408254795337e+00
3.701002366837896407e+00 1.337997614189698092e+00
3.700760498073400129e+00 1.345421735885396375e+00
3.700526186180481236e+00 1.352831348963653868e+00
3.700296112630555356e+00 1.360124135261137512e+00
3.700061179299959147e+00 1.367335518074945577e+00
3.699835820646314666e+00 1.374417812902456904e+00
3.699603937869092807e+00 1.381485669067107569e+00
3.699378435958701861e+00 1.388443862644834548e+00
3.699157729565472508e+00 1.395392326585646270e+00
3.698948046027416670e+00 1.402176072297710796e+00
3.698729770978634868e+00 1.408974577987671450e+00
3.698499512482704255e+00 1.415688626902554814e+00
3.698290427340148234e+00 1.422255741913173388e+00
3.698079894141771629e+00 1.428815594542278244e+00
3.697852481856749751e+00 1.435328000363305323e+00
3.697654662318760277e+00 1.441719906273321916e+00
3.697446637190030305e+00 1.448144327932700426e+00
3.697236000097707365e+00 1.454469822188523720e+00
3.697036076112363290e+00 1.460676909663672252e+00
3.696834223949626796e+00 1.466901714777448795e+00
3.696624279314489225e+00 1.473070092667654540e+00
3.696426046238611374e+00 1.479171260854568848e+00
3.696235803113872453e+00 1.485142473567056198e+00
3.696035253039228863e+00 1.491137814829760488e+00
3.695840700559589465e+00 1.497088236144178852e+00
3.695642586437256405e+00 1.503002031554602214e+00
3.695429667308338217e+00 1.508829911624053555e+00
3.695246492840190466e+00 1.514539404263663736e+00
3.695057142467786271e+00 1.520303669408879843e+00
3.694869330027379828e+00 1.525991616525870453e+00
3.694678196685880600e+00 1.531648671894689784e+00
3.694491355667816723e+00 1.537228704355241726e+00
3.694300801502212295e+00 1.542771645173376394e+00
3.694119349773955285e+00 1.548232347076344606e+00
3.693921730354205124e+00 1.553701647620797877e+00
3.693741000610134328e+00 1.559141860334154250e+00
3.693562419084234438e+00 1.564508562527170854e+00
3.693382858572042071e+00 1.569878114404379188e+00
3.693206513042559536e+00 1.575124896209247227e+00
3.693015567265180543e+00 1.580418161256726073e+00
3.692842552775472686e+00 1.585612259060763307e+00
3.692669563242387820e+00 1.590781025220927791e+00
3.692485004074172128e+00 1.595923978259124354e+00
3.692313772920587045e+00 1.601030929176734396e+00
3.692142244859883515e+00 1.605984535466157936e+00
3.691973627125017199e+00 1.611008007221311322e+00
3.691804723901777940e+00 1.616017145560139090e+00
3.691636400787579042e+00 1.620989224649431293e+00
3.691449018940660132e+00 1.626306105284364589e+00
3.691274672332193418e+00 1.631291917234465760e+00
3.691112900384442952e+00 1.636080800661086965e+00
3.690932973527765615e+00 1.640900477936593882e+00
3.690771124448502860e+00 1.645701208184900510e+00
3.690592091536681441e+00 1.650966497345660589e+00
3.690430942745666076e+00 1.655632485581695512e+00
3.690272291077247857e+00 1.660287626800023952e+00
3.690105679971177555e+00 1.664949288857676901e+00
3.689948149828331303e+00 1.669567080414620097e+00
3.689775474815830236e+00 1.674165943189971806e+00
3.689601681367566499e+00 1.679244490226740716e+00
3.689449945367909045e+00 1.683699419590630963e+00
3.689298236963498123e+00 1.688090873037341177e+00
3.689143293982729777e+00 1.692588255250088380e+00
3.688986119938556740e+00 1.697026524114350954e+00
3.688822712463803555e+00 1.701460512772774214e+00
3.688671343084853227e+00 1.705822075090611900e+00
3.688515991975717334e+00 1.710175205702903822e+00
3.688348241965024421e+00 1.714653226477066861e+00
3.688183297771018943e+00 1.719268568143101694e+00
3.688036594875465202e+00 1.723478754757528097e+00
3.687888918915285696e+00 1.727702675791751741e+00
3.687737403789088653e+00 1.731946498517221045e+00
3.687589982988245474e+00 1.736143079133720013e+00
3.687418439815754123e+00 1.740768661055210442e+00
3.687272312529465523e+00 1.744836649170527831e+00
3.687126485013122235e+00 1.748944527711956853e+00
3.686960865727356484e+00 1.753469014344843924e+00
3.686816339734806824e+00 1.757474913449666554e+00
3.686673766271066022e+00 1.761489256512518864e+00
3.686499887661740527e+00 1.765515794856653331e+00
3.686360291965200542e+00 1.769502723944816003e+00
3.686203635110008481e+00 1.773920510673669515e+00
3.686067115417110962e+00 1.777795016354813518e+00
3.685917992527165676e+00 1.781699148915382835e+00
3.685776560192771889e+00 1.785632793704833521e+00
3.685639002058224811e+00 1.789497896165254787e+00
3.685498876482363517e+00 1.793372659463362107e+00
3.685346273719262822e+00 1.797611584997375056e+00
3.685202154010903008e+00 1.801394525650772183e+00
3.685062492358458286e+00 1.805305057505347088e+00
3.684918169978709468e+00 1.809345434410128295e+00
3.684785691425453980e+00 1.813019826599940654e+00
3.684637685072483571e+00 1.817131729538846940e+00
3.684504805387214255e+00 1.820815985254429448e+00
3.684368299285155857e+00 1.824454820903046448e+00
3.684211864914386680e+00 1.828549162260080685e+00
3.684084163455160432e+00 1.832122675968475223e+00
3.683936634880879524e+00 1.836109513611473787e+00
3.683810168292121823e+00 1.839631438906169203e+00
3.683679878306116873e+00 1.843232920609631842e+00
3.683518393228931931e+00 1.846797215518779067e+00
3.683390685084888982e+00 1.850373927565902576e+00
3.683265601158858704e+00 1.853916537088500016e+00
3.683139419269251924e+00 1.857428018687528049e+00
3.683008698564727901e+00 1.860927147323788278e+00
3.682868002407120311e+00 1.864789947979958340e+00
3.682744538723820238e+00 1.868225513425395334e+00
3.682621752985383967e+00 1.871625915758696079e+00
3.682481523195101580e+00 1.875049115413178535e+00
3.682357862165741569e+00 1.878471266987449040e+00
3.682230318183826956e+00 1.881976725324150390e+00
3.682096629572864988e+00 1.885599787106270409e+00
3.681972797216069182e+00 1.888885553556783892e+00
3.681847923962922486e+00 1.892231853844264622e+00
3.681725613365613992e+00 1.895567833064323082e+00
3.681591521294006686e+00 1.899154355502213676e+00
3.681532076634855599e+00 1.900788757500111226e+00
