3.659191096330884463e+00 1.695306269757104412e+00
3.658763661138057621e+00 1.693463688801998268e+00
3.657702371072220959e+00 1.688881257997776331e+00
3.655778393007675930e+00 1.680542333263679744e+00
3.653098663680991010e+00 1.668833975083952481e+00
3.650335426566370778e+00 1.656599335356318203e+00
3.648343066376800170e+00 1.647560421631053318e+00
3.647308823244515441e+00 1.642686392399376194e+00
3.646956660865422695e+00 1.640891283529453348e+00
3.646875922211242127e+00 1.640394077410315843e+00
3.646864682110962264e+00 1.640249974607932648e+00
3.646867085130911068e+00 1.640120279746076992e+00
3.646875916879298352e+00 1.639826646410427857e+00
3.646897916323675215e+00 1.639098342467357527e+00
3.646952307931533355e+00 1.637294936171925119e+00
3.647085512914082894e+00 1.632860541160444878e+00
3.647404691306290303e+00 1.622140613598515912e+00
3.648066681347589935e+00 1.601588085331848266e+00
3.648699645705328454e+00 1.578602718719809950e+00
3.649370371470007868e+00 1.555759748140166598e+00
3.650054092477560186e+00 1.533028579151652693e+00
3.650660927089200314e+00 1.510020895475235880e+00
3.651331531236967187e+00 1.487341228826418504e+00
3.651925130502363892e+00 1.464386548132851518e+00
3.652554560851677401e+00 1.441638494930827408e+00
3.653140958110789427e+00 1.418757409840738948e+00
3.653690191275105192e+00 1.395797933682956016e+00
3.654279737730751876e+00 1.373052113959176701e+00
3.654793833776413425e+00 1.350031768052457393e+00
3.655351632573820453e+00 1.327255737321511697e+00
3.655844371978770546e+00 1.304251847542696074e+00
3.656321521041084655e+00 1.281260205130040131e+00
3.656842586411028773e+00 1.258481711939650527e+00
3.657285005238180453e+00 1.235426552479432338e+00
3.657765461694294284e+00 1.212598488160036014e+00
3.658183696296346099e+00 1.189539678259532662e+00
3.658565919956424661e+00 1.166416509250102429e+00
3.658977314378294654e+00 1.143458786447224540e+00
3.659383481341500932e+00 1.120506697530564200e+00
3.659760877125493916e+00 1.097495343175464821e+00
3.660081654820471542e+00 1.074305154078075253e+00
3.660421613635052474e+00 1.051251484857351093e+00
3.660760148992836971e+00 1.028240684214664968e+00
3.661028649552661829e+00 1.004990418437501143e+00
3.661345059887821662e+00 9.820066088117550551e-01
3.661588225241243943e+00 9.587514546242449365e-01
3.661797363059752897e+00 9.354389445196681363e-01
3.662026232140290993e+00 9.122631412098897163e-01
3.662245541294115281e+00 8.890777634710124167e-01
3.662404273732288384e+00 8.657153262943705352e-01
3.662574755351482025e+00 8.424595722988688085e-01
3.662708587761055679e+00 8.190963339791551556e-01
3.662848122998107581e+00 7.957998485628147156e-01
3.662935069449164249e+00 7.723428702425265691e-01
3.662986447965553616e+00 7.488046678833655267e-01
3.663076121957210773e+00 7.254633249003643591e-01
3.663103121042913468e+00 7.019305966416339304e-01
3.663140905569114203e+00 6.784842819103039657e-01
3.663123629769623690e+00 6.548684966001810936e-01
3.663072870270206227e+00 6.311745503727881346e-01
3.663039123731694602e+00 6.075924567054098446e-01
3.662935998409762473e+00 5.837949267713897772e-01
3.662829188557215510e+00 5.600320043806138459e-01
3.662684985769062873e+00 5.361614551828318698e-01
3.662556406590532720e+00 5.123976079962389019e-01
3.662420834422476901e+00 4.886566428523970718e-01
3.662205198073012369e+00 4.646460026200942006e-01
3.661965323592992316e+00 4.406007906924996331e-01
3.661696856209386119e+00 4.164968829176012299e-01
3.661409560605589419e+00 3.923677606349409985e-01
3.661082409731207576e+00 3.681328298596961424e-01
3.660757311947125725e+00 3.439549904358614740e-01
3.660374080749861481e+00 3.195824597202489570e-01
3.659969389410973051e+00 2.951812356242353164e-01
3.659550139327948148e+00 2.707770724114816341e-01
3.659088107538811752e+00 2.462482479310441896e-01
3.658637519793734416e+00 2.218151176046747886e-01
3.658114299753580489e+00 1.971335320338445107e-01
3.657583418239874540e+00 1.724797123151672329e-01
3.657007019284649996e+00 1.476870691455967888e-01
3.656402038789560827e+00 1.228368214306405914e-01
3.655772050635722081e+00 9.794286090333113870e-02
3.655103974897371710e+00 7.293889332831238193e-02
3.654439194251097422e+00 4.798981840104434016e-02
3.653722793422194304e+00 2.287673235798086749e-02
3.652975603717090181e+00 -2.303472761534514253e-03
3.652199428875987586e+00 -2.754535655665573887e-02
3.651414065620696370e+00 -5.277928225799392165e-02
3.650585168968587091e+00 -7.813771421103858639e-02
3.649739900996499031e+00 -1.035180092035037497e-01
3.648864603099135184e+00 -1.289663764062054518e-01
3.647964057264080129e+00 -1.544626809447584015e-01
3.647044641143271093e+00 -1.799926779226693196e-01
3.646224178331675780e+00 -2.051119661185435150e-01
3.645583337694119130e+00 -2.295146573633560783e-01
3.645469072655735943e+00 -2.517953843569726291e-01
3.645437809157553222e+00 -2.736686612466335267e-01
3.645402108161169163e+00 -2.955087221120236141e-01
3.645367225237924114e+00 -3.172974148637042746e-01
3.645328739795088868e+00 -3.390585341925607676e-01
3.645291001381464557e+00 -3.607837463933801225e-01
3.645257205162987457e+00 -3.824461346152534524e-01
3.645226448492796312e+00 -4.040509544330512237e-01
3.645195395573875619e+00 -4.256159193697964804e-01
3.645171486944148942e+00 -4.471069476798357201e-01
3.645153904758721808e+00 -4.685292512865407710e-01
3.645135152735654138e+00 -4.899114725260462766e-01
3.645113000209705856e+00 -5.112639147550815943e-01
3.645102174780920468e+00 -5.325344979399008194e-01
3.645094310665660586e+00 -5.537567986359209771e-01
3.645085603070695957e+00 -5.749454019309295782e-01
3.645081958154261059e+00 -5.960728234303566131e-01
3.645080384489546965e+00 -6.171616217758111311e-01
3.645083143679051840e+00 -6.381954923579684635e-01
3.645095680621055489e+00 -6.591608183493627982e-01
3.645111065207085499e+00 -6.800863049585931241e-01
3.645124782363148075e+00 -7.009887184708362140e-01
3.645145302332390980e+00 -7.218248866634411343e-01
3.645178230104978656e+00 -7.425750390431590242e-01
3.645217082366241979e+00 -7.632681504614939882e-01
3.645258611156353190e+00 -7.839179092544106275e-01
3.645306263367411148e+00 -8.045060001698213226e-01
3.645356419236827072e+00 -8.250475348183820001e-01
3.645410712050531465e+00 -8.455297746564879313e-01
3.645480782450918333e+00 -8.659121863387648776e-01
3.645562468378550136e+00 -8.861990570300745107e-01
3.645652067448658773e+00 -9.064022239276784410e-01
3.645752200362131212e+00 -9.265206436572624993e-01
3.645861428285404937e+00 -9.465453855594301302e-01
3.645982863995198553e+00 -9.664530458467982532e-01
3.646114990624544472e+00 -9.862452375916028746e-01
3.646257494120612286e+00 -1.005918542317447040e+00
3.646414045451506603e+00 -1.025460826768196165e+00
3.646582677913206894e+00 -1.044879122404259508e+00
3.646762359137471154e+00 -1.064169994304314804e+00
3.646954515695668864e+00 -1.083315065610249706e+00
3.647160933922479309e+00 -1.102309472528487211e+00
3.647380395650979157e+00 -1.121149333977883522e+00
3.647614062060462015e+00 -1.139821719566364910e+00
3.647860624327087020e+00 -1.158334591161629623e+00
3.648120946051621516e+00 -1.176666545189563040e+00
3.648396628123838692e+00 -1.194811826348335160e+00
3.648689665710518781e+00 -1.212764771052038837e+00
3.648996550092007851e+00 -1.230531251182632513e+00
3.649316119600976460e+00 -1.248103530618217327e+00
3.649647987768357638e+00 -1.265470481069842501e+00
3.649989639395045060e+00 -1.282643166963768788e+00
3.650335846694138908e+00 -1.299641926319021756e+00
3.650682428665907864e+00 -1.316496879096190842e+00
3.651013078462600259e+00 -1.333292543042862821e+00
3.651309945378593547e+00 -1.350120610815340294e+00
3.651538288648217279e+00 -1.367155679085517050e+00
3.651658768733145877e+00 -1.384540476440716761e+00
3.651456090315239322e+00 -1.402590720153615411e+00
3.651089726388929257e+00 -1.411637029105672347e+00
3.650814371786201384e+00 -1.413754734972041405e+00
3.650337172845135481e+00 -1.405258192709849752e+00
3.650066423135834182e+00 -1.394723532830124180e+00
3.649951870484878569e+00 -1.388024314931793235e+00
3.650004741583533718e+00 -1.383804392193258348e+00
3.650201342686467676e+00 -1.375634622165072818e+00
3.650757170339497204e+00 -1.362195385704945805e+00
