3.674172859394998270e+00 2.360739265840463119e+00
3.673507584566779727e+00 2.357854657818011290e+00
3.671847302336947561e+00 2.350643040283118435e+00
3.668801799516414164e+00 2.337359962543661407e+00
3.664485919865516639e+00 2.318362520198566035e+00
3.659827475088857529e+00 2.297547257892867290e+00
3.656144379007184142e+00 2.280645493597082574e+00
3.654023272689670421e+00 2.270444970637472970e+00
3.653154995896766177e+00 2.265892090422552130e+00
3.652928399805518200e+00 2.264415946847958327e+00
3.652892318786891135e+00 2.263960875826999786e+00
3.652896864950573086e+00 2.263667126519480544e+00
3.652919265432153395e+00 2.263095081938896858e+00
3.652975275991019455e+00 2.261685838963911177e+00
3.653113076527971792e+00 2.258212622120709057e+00
3.653446750008123800e+00 2.249768251820119858e+00
3.654169923756063643e+00 2.231444438407848896e+00
3.655039730375585716e+00 2.209285359357849643e+00
3.655954948013416139e+00 2.187153862699788842e+00
3.656857313995012237e+00 2.165021139046163334e+00
3.657697067686880743e+00 2.142630948998523355e+00
3.658574144993551158e+00 2.120459809745181001e+00
3.659409144413998671e+00 2.098164563243294811e+00
3.660312354031240556e+00 2.076112967881520888e+00
3.661114180838309640e+00 2.053672377636958757e+00
3.661969615859835159e+00 2.031452779487374016e+00
3.662833880046771018e+00 2.009194770377968453e+00
3.663628196112602708e+00 1.986901491800334041e+00
3.664410796614449684e+00 1.964678910856670679e+00
3.665227713050198677e+00 1.942620807202013467e+00
3.666044615383643457e+00 1.920601273700824230e+00
3.666783232589932773e+00 1.898330250410731335e+00
3.667576036396528405e+00 1.876302733005110079e+00
3.668383620859534844e+00 1.854394752543237823e+00
3.669131081158749641e+00 1.832230159863484031e+00
3.669860581196545901e+00 1.810070512357863093e+00
3.670622518875144014e+00 1.788089376618410942e+00
3.671319554879961089e+00 1.765882714900613770e+00
3.672027337576326378e+00 1.743782380470843441e+00
3.672751753904814453e+00 1.721776450126811353e+00
3.673447175082843241e+00 1.699716863109532516e+00
3.674164509791287170e+00 1.677769582758357192e+00
3.674833254613905087e+00 1.655666102437623355e+00
3.675486133061900862e+00 1.633560601075734198e+00
3.676174293382752811e+00 1.611646634734627659e+00
3.676836842831635366e+00 1.589643882918551299e+00
3.677450526384872909e+00 1.567492977399165710e+00
3.678082967435846840e+00 1.545461978510826340e+00
3.678723390832152162e+00 1.523509480292811746e+00
3.679330805981961383e+00 1.501458548464773335e+00
3.679960698589064272e+00 1.479541683453912793e+00
3.680523964191726005e+00 1.457384096155186270e+00
3.681137833488469457e+00 1.435492989870066793e+00
3.681723317088944736e+00 1.413503101037617116e+00
3.682258953446446270e+00 1.391362593561961791e+00
3.682825949051850234e+00 1.369393236174843320e+00
3.683352424478572917e+00 1.347305025869776518e+00
3.683889527114646789e+00 1.325301499203604960e+00
3.684379807145900187e+00 1.303142789559601056e+00
3.684894303986115283e+00 1.281132265417758376e+00
3.685382692382710879e+00 1.259059245077061240e+00
3.685837336769633765e+00 1.236899170556055694e+00
3.686372629394008005e+00 1.215061306746065162e+00
3.686826393791541090e+00 1.192942241209377974e+00
3.687243535915925019e+00 1.170733132462945303e+00
3.687693478158244886e+00 1.148692884501437250e+00
3.688081721970790650e+00 1.126466553766659162e+00
3.688515021759177781e+00 1.104447690863872733e+00
3.688894275533863620e+00 1.082259834301539048e+00
3.689257998851591225e+00 1.060049070513055858e+00
3.689683078229139657e+00 1.038101912808999217e+00
3.690032323741056608e+00 1.015896271718555122e+00
3.690349601224298226e+00 9.936126122215820367e-01
3.690667567644086766e+00 9.713777314880125413e-01
3.690994541595628675e+00 9.492282038124210120e-01
3.691285982925383458e+00 9.269598936634655395e-01
3.691541942159196843e+00 9.045808491383861005e-01
3.691826309169608855e+00 8.823507660338141267e-01
3.692052790817204055e+00 8.599341508666699108e-01
3.692312020647809057e+00 8.377055912224503631e-01
3.692512141379754809e+00 8.152632387883368414e-01
3.692682480766778408e+00 7.927591550776593721e-01
3.692876272230996459e+00 7.703913151188309660e-01
3.693017172883117372e+00 7.478405827156101582e-01
3.693135994129375099e+00 7.252526227609635834e-01
3.693282960153538408e+00 7.028042112802020958e-01
3.693364071453256958e+00 6.801535401245043522e-01
3.693501875196216755e+00 6.577656533236936331e-01
3.693554353593521800e+00 6.350524602543933250e-01
3.693586382263788881e+00 6.123151992825536238e-01
3.693635202875471091e+00 5.896918728856285208e-01
3.693642318651837897e+00 5.669279734651379021e-01
3.693610484161510943e+00 5.440558246976264778e-01
3.693546427402200294e+00 5.211039299312730799e-01
3.693504133697758984e+00 4.982798414834922474e-01
3.693403600585356106e+00 4.752641632291325080e-01
3.693342440083318134e+00 4.524396564956473799e-01
3.693228108696997136e+00 4.294367844293126568e-01
3.693072300057372637e+00 4.063147399176004759e-01
3.692915710773385207e+00 3.832390694182497559e-01
3.692712564899594430e+00 3.600272141457532271e-01
3.692524043678838908e+00 3.369297067364047660e-01
3.692277415294285436e+00 3.136418532901259493e-01
3.692013089791108538e+00 2.903608363345706600e-01
3.691769002925578302e+00 2.672431294095458654e-01
3.691474388587543842e+00 2.439994012450984462e-01
3.691211226087455444e+00 2.209805058519035970e-01
3.690900507885726878e+00 1.978598111725291542e-01
3.690617364781852316e+00 1.749559924359639085e-01
3.690310232201334362e+00 1.520817004616334678e-01
3.690006014836852088e+00 1.293572095764801977e-01
3.689737683343483621e+00 1.069200450474359770e-01
3.689458923662366274e+00 8.457946278562508691e-02
3.689207695689702859e+00 6.252414078545628917e-02
3.688995314176250595e+00 4.082106455316557303e-02
3.688828516658732237e+00 1.951564001107434360e-02
3.688722490318657510e+00 -1.309042607877364392e-03
3.688721756195875390e+00 -2.147207012837722140e-02
3.688772308414165035e+00 -4.113942740948827587e-02
3.688927046122152831e+00 -6.006680573199055934e-02
3.689206403190150585e+00 -7.814369704135172567e-02
3.689650076951108471e+00 -9.516401033777845131e-02
3.690266746079700066e+00 -1.110373718364240786e-01
3.691108831806765966e+00 -1.254769858027960927e-01
3.692196979921536837e+00 -1.383323874831144384e-01
3.693605293421001523e+00 -1.492038676079190940e-01
3.695418161204993890e+00 -1.576425141023296561e-01
3.697610895854439139e+00 -1.635852749925658656e-01
3.700306055806772854e+00 -1.663750995808316036e-01
3.703577066433950904e+00 -1.655398291106824349e-01
3.707455503964698362e+00 -1.608189528725275375e-01
3.711968460447202744e+00 -1.520209014276573400e-01
3.716929701748020509e+00 -1.397657645263395698e-01
3.722215122322284131e+00 -1.248624513128999969e-01
3.727523516689231098e+00 -1.089063588167177854e-01
3.732812795043313425e+00 -9.258837483252960188e-02
3.737987305039782715e+00 -7.679000281574596687e-02
3.743055348242363856e+00 -6.186598779990087893e-02
3.747942141980801001e+00 -4.834178235023244008e-02
3.752699035777545156e+00 -3.620500305451664763e-02
3.757322040336632085e+00 -2.546804217039089907e-02
3.761760903974243675e+00 -1.633411074708338712e-02
3.766076736045652407e+00 -8.491639825000268232e-03
3.770244032957080105e+00 -1.988561903564732818e-03
3.774296930624650326e+00 3.280392304520354709e-03
3.778220933883057242e+00 7.330023751691570714e-03
3.782026970130615506e+00 1.013668345404379438e-02
3.785689225496442933e+00 1.158629254071394214e-02
3.789195235710713039e+00 1.147998355917940159e-02
3.792504120135999912e+00 9.295580523591129990e-03
3.795468499505642690e+00 4.102500689295955627e-03
3.797893240752336030e+00 -5.600805670577413409e-03
3.799448630273400962e+00 -2.216286632272766385e-02
3.799708630727418157e+00 -4.873694790252385695e-02
3.798103884494593352e+00 -8.701725261378523424e-02
3.795133206298083817e+00 -1.282487348817834272e-01
3.791664897852947913e+00 -1.649675414579661603e-01
3.789181798868764162e+00 -1.842405067052531320e-01
3.788685773241283528e+00 -1.812349155379817112e-01
3.788173031326290019e+00 -1.772231086656592680e-01
3.788035230778829199e+00 -1.729150560982918861e-01
3.788306682848367579e+00 -1.671060066782690257e-01
3.789287372261801234e+00 -1.563564154923399174e-01
3.791863088216400612e+00 -1.320676661072669456e-01
3.795943354610851195e+00 -9.360507782378975350e-02
3.799914859016818358e+00 -5.428656412822195632e-02
3.803587267667756677e+00 -1.558855990639921967e-02
3.806959556202558215e+00 2.268524148699831502e-02
3.810062406365943843e+00 6.059476905859643298e-02
3.812935936033062134e+00 9.814496061154368012e-02
3.815606699197438001e+00 1.352089829639692709e-01
3.818091178078593106e+00 1.717816305082895123e-01
3.820390249782560588e+00 2.079092668781721553e-01
3.822463770855899057e+00 2.434817174478792756e-01
3.824281002591338297e+00 2.785058885448916111e-01
3.825829620725340163e+00 3.130531651580246710e-01
3.827052777954493390e+00 3.470026409885469398e-01
3.827882160923954835e+00 3.804320810559291277e-01
3.828221530533451489e+00 4.141803616996611037e-01
3.827945707686903010e+00 4.439099536735152673e-01
3.827616773089346669e+00 4.566645608425145553e-01
3.827324143794152977e+00 4.650893478307122630e-01
3.826999734465656111e+00 4.728449164237068514e-01
3.826639309190204674e+00 4.801346028073957828e-01
3.826253127841101165e+00 4.869984393110653453e-01
3.825846018752897759e+00 4.934524977106733434e-01
3.825423173783392805e+00 4.995410550977925079e-01
3.824984413915426096e+00 5.052761846988851335e-01
3.824529625287997892e+00 5.106921126252604859e-01
3.824071129146346060e+00 5.158188044941502959e-01
3.823347019548758219e+00 5.232998569810930478e-01
3.821495603471900981e+00 5.398731781100016835e-01
3.819006989538052732e+00 5.580473724918448841e-01
3.816328746053187171e+00 5.744637865403156018e-01
3.813498767467452311e+00 5.892526132798074912e-01
3.810572538653250962e+00 6.026461513891471222e-01
3.807574132329799799e+00 6.148496319705973878e-01
3.804544773778963496e+00 6.260965606276469586e-01
3.801484279617178608e+00 6.364829548592004782e-01
3.798412021390127347e+00 6.461446991376290638e-01
3.795331640098222437e+00 6.551540503400165028e-01
3.792269336467686713e+00 6.635809694690777416e-01
3.789203903337944990e+00 6.715088341672118544e-01
3.786155274041646646e+00 6.789763957048865484e-01
3.783132873027610810e+00 6.860506124079954748e-01
3.780111481292125486e+00 6.927408595462110075e-01
3.777126753149854466e+00 6.990855200372384504e-01
3.774165908756313303e+00 7.051045334584045143e-01
3.771227260284175209e+00 7.108181535626827419e-01
3.768320546591737763e+00 7.162396337343849284e-01
3.767162662979612886e+00 7.183341059674371865e-01
3.765435257831216465e+00 7.213933893142727705e-01
3.762593386503901627e+00 7.262910304764408354e-01
3.759795744248927374e+00 7.309597812499036840e-01
3.757035041841286560e+00 7.354530361176405684e-01
3.754305035060200968e+00 7.397761932359026016e-01
3.751630666827992844e+00 7.439831164741043112e-01
3.749015676940307795e+00 7.481265705366139107e-01
3.746480609694521124e+00 7.522819541503656948e-01
3.744006841286458886e+00 7.565562600496703594e-01
3.741619808205815190e+00 7.610418127506439756e-01
3.739319845182691893e+00 7.658369330014458409e-01
3.737117214954449373e+00 7.710565213654549943e-01
3.735002367540980028e+00 7.767813801654183115e-01
3.732970487066244125e+00 7.831208420270031612e-01
3.731089914477323966e+00 7.901710134583792566e-01
3.729306541813376175e+00 7.979992682071108678e-01
3.727617724093124529e+00 8.066518540002894921e-01
3.726032466630675888e+00 8.161490111485044663e-01
3.724553396804690220e+00 8.264798285031340619e-01
3.723160979654749347e+00 8.376189010047481176e-01
3.721863579450851667e+00 8.495761832702862781e-01
3.720657552641320365e+00 8.622873399757866597e-01
3.719528743411363525e+00 8.756161673339302176e-01
3.718476288512608807e+00 8.895236510092581206e-01
3.717491610412137604e+00 9.039461549015259667e-01
3.716573223029259410e+00 9.187842665488392679e-01
3.715718026433600940e+00 9.337946431434941408e-01
3.714928395792941984e+00 9.484960441674653575e-01
3.714228917914802697e+00 9.628134985846669158e-01
3.713575417313915050e+00 9.767856226388279550e-01
3.712968777030765999e+00 9.904351064716803155e-01
3.712403757777753111e+00 1.003794034421038095e+00
3.711873598401733698e+00 1.016786592082431273e+00
3.711355343351169456e+00 1.029495992385848213e+00
3.710864630902780181e+00 1.041925715923573081e+00
3.710417650586273375e+00 1.054078511034984178e+00
3.709977967411509425e+00 1.065998458211305566e+00
3.709553891216985644e+00 1.077635899401635289e+00
3.709144414466417405e+00 1.089052346997450682e+00
3.708750153627882629e+00 1.100234083778308669e+00
3.708379632414529503e+00 1.111228412195037318e+00
3.707999911404840976e+00 1.121988656759681069e+00
3.707650897089437070e+00 1.132570095300624802e+00
3.707293994323473729e+00 1.142964811401687708e+00
3.706960538182775267e+00 1.153137553468907450e+00
3.706634880832795798e+00 1.163170649895596043e+00
3.706322678690346262e+00 1.173001874165096492e+00
3.705994676733558979e+00 1.182725128340348597e+00
3.705686013000418555e+00 1.192250705851994219e+00
3.705382148208022919e+00 1.201689722178421071e+00
3.705092011382582484e+00 1.210921008645630348e+00
3.704803124296089933e+00 1.220016377897776616e+00
3.704502364807904069e+00 1.229022409757894341e+00
3.704230450090481686e+00 1.237822151465488796e+00
3.703963045172817381e+00 1.246503829371174321e+00
3.703670002041136833e+00 1.255162670875223929e+00
3.703407821927246157e+00 1.263665187455571104e+00
3.703132891558967632e+00 1.272019864682383039e+00
3.702874342680967601e+00 1.280264500345927203e+00
3.702617595360850444e+00 1.288414846483480369e+00
3.702335932746470437e+00 1.296498021401105927e+00
3.702102671567077952e+00 1.304428328772363033e+00
3.701843752559967449e+00 1.312296560240383991e+00
3.701598337728406296e+00 1.320042809056391597e+00
3.701351423300085930e+00 1.327743528152281138e+00
3.701116480497205430e+00 1.335307578576271137e+00
3.700864636235862815e+00 1.342739017837722981e+00
3.700626406646449151e+00 1.350208782801440632e+00
3.700402116892505422e+00 1.357525028244568777e+00
3.700168729667340450e+00 1.364795556988141367e+00
3.699943385920309691e+00 1.371938784369606035e+00
3.699712528784494303e+00 1.379055461295306984e+00
3.699495893975724314e+00 1.386038204553747155e+00
3.699253520067574463e+00 1.392979087362434587e+00
3.699038424779724998e+00 1.399815250398180000e+00
3.698822349648954511e+00 1.406636770624847044e+00
3.698606017690845960e+00 1.413391604159423665e+00
3.698394799073817296e+00 1.420021702047993939e+00
3.698179099736108366e+00 1.426627840073169562e+00
3.697967884464125277e+00 1.433166660680561755e+00
3.697766862257240383e+00 1.439593181673151756e+00
3.697551181117211705e+00 1.446010935437223255e+00
3.697329325726958160e+00 1.452362617450426718e+00
3.697135145845565685e+00 1.458606083163106248e+00
3.696927516842157591e+00 1.464845110026429476e+00
3.696724222358492185e+00 1.471015717548754376e+00
3.696496544089102887e+00 1.477792442298553111e+00
3.696303949800182398e+00 1.483733524618078059e+00
3.696108908567950380e+00 1.489719600063169391e+00
3.695912053202288217e+00 1.495679358777115775e+00
3.695716911154965700e+00 1.501604071859251821e+00
3.695510783841377656e+00 1.507472605963187551e+00
3.695330079856310235e+00 1.513192423623822780e+00
3.695134773616110202e+00 1.518992081095587032e+00
3.694946732988964477e+00 1.524691148518370953e+00
3.694757307623201648e+00 1.530352967953294341e+00
3.694555718604468186e+00 1.535978674197678640e+00
3.694369754477952572e+00 1.541571631749751203e+00
3.694178822348610947e+00 1.547070517678963197e+00
3.693979510744573425e+00 1.552538981509669513e+00
3.693796829605899390e+00 1.557993866598094801e+00
3.693617077570304552e+00 1.563387249517043331e+00
3.693444228050714262e+00 1.568675336464007808e+00
3.693265642373669166e+00 1.574012103655596517e+00
3.693068533170466239e+00 1.579273028565285841e+00
3.692890527284129032e+00 1.584523759545011234e+00
3.692689036679833059e+00 1.590251961219127708e+00
3.692531614373947502e+00 1.595215113047382394e+00
3.692358098072392014e+00 1.600333055564958640e+00
3.692188373224654541e+00 1.605407932492139977e+00
3.692018157047871174e+00 1.610453177858562013e+00
3.691848291520945846e+00 1.615471398474301212e+00
3.691672165526724392e+00 1.620444257747263750e+00
3.691502518598699378e+00 1.625365236140389191e+00
3.691335802306169089e+00 1.630277278855311485e+00
3.691160769070426007e+00 1.635129413093800999e+00
3.690997213657050580e+00 1.639956257453442978e+00
3.690828547381136193e+00 1.644741884984886493e+00
3.690663315504058239e+00 1.649497055716223626e+00
3.690501749705751955e+00 1.654244200451933988e+00
3.690335569025398055e+00 1.658957135783267978e+00
3.690176238247379725e+00 1.663623199291696775e+00
3.690018717345895816e+00 1.668228092826703701e+00
3.689848598548564063e+00 1.672834403560873984e+00
3.689688835613315288e+00 1.677409547027429504e+00
3.689525741425724092e+00 1.681973550520796223e+00
3.689370772467957416e+00 1.686473413178635194e+00
3.689215518794686233e+00 1.690955272394235376e+00
3.689055709287545337e+00 1.695399892439887646e+00
3.688893580831885455e+00 1.699825198524420378e+00
3.688741257680175245e+00 1.704230811543104629e+00
3.688586955215450658e+00 1.708607119037870659e+00
3.688432278980425139e+00 1.712952972457799206e+00
3.688281786921415506e+00 1.717280396821197597e+00
3.688090173669038130e+00 1.722021597041615282e+00
3.687946372678500229e+00 1.726217631880763825e+00
3.687796981629428039e+00 1.730435588975701711e+00
3.687651171983122200e+00 1.734630751735098730e+00
3.687504625339904418e+00 1.738822303326476693e+00
3.687341216651973230e+00 1.743455351246138152e+00
3.687194048735061624e+00 1.747532980735712504e+00
3.687050030059127348e+00 1.751614820713641052e+00
3.686905696467962290e+00 1.755676338325895314e+00
3.686748139173329886e+00 1.759737197959043709e+00
3.686604688265127105e+00 1.763780521983990379e+00
3.686461388017197471e+00 1.767811781072327726e+00
3.686320258987953125e+00 1.771785161736844083e+00
3.686161950504483809e+00 1.775757885662149871e+00
3.686016375841466353e+00 1.779703401792964268e+00
3.685877389351634115e+00 1.783638540806141037e+00
3.685735527780395149e+00 1.787525590719893254e+00
3.685596622152244262e+00 1.791431545959853988e+00
3.685461349395244390e+00 1.795274851024960316e+00
3.685309165827665989e+00 1.799429512598345937e+00
3.685169820867932433e+00 1.803321373424523255e+00
3.685028059280317070e+00 1.807161988421893017e+00
3.684863977790646228e+00 1.811183507086119526e+00
3.684731896611947111e+00 1.814890677918550299e+00
3.684573378118486620e+00 1.818963962804365453e+00
3.684442118348436157e+00 1.822660316527218827e+00
3.684314783516833280e+00 1.826311989104832723e+00
3.684176196249767887e+00 1.829984750149122874e+00
3.684042805898042783e+00 1.833628102691545303e+00
3.683911496317103573e+00 1.837271731282795084e+00
3.683780963035004241e+00 1.840884875595989012e+00
3.683635814466194258e+00 1.844849676419960671e+00
3.683500944709650060e+00 1.848355418771826963e+00
3.683359807479051007e+00 1.852251060460727849e+00
3.683234424714893596e+00 1.855725820558587369e+00
3.683107371104069827e+00 1.859233671397115595e+00
3.682973531679297086e+00 1.862730917866864289e+00
3.682841384197335088e+00 1.866199339887413933e+00
3.682715989646132559e+00 1.869674264777207329e+00
3.682587785999120289e+00 1.873217201048199554e+00
3.682451513099385121e+00 1.876897666644030238e+00
3.682330515297262963e+00 1.880234633556373325e+00
3.682202012508141831e+00 1.883620952334553955e+00
3.682057132383496523e+00 1.887366785502785138e+00
3.681937270226381731e+00 1.890672411177210188e+00
3.681805863272684665e+00 1.894262491356187850e+00
3.681682763570851336e+00 1.897634110100714366e+00
3.681555198399915074e+00 1.901004063000659716e+00
3.681404866161586575e+00 1.904527724241396269e+00
3.681288099454776752e+00 1.907745164020308470e+00
3.681164048040514558e+00 1.910976834837352589e+00
3.681031042961795396e+00 1.914596521357288417e+00
3.680909719390792478e+00 1.917755304109668657e+00
3.680781946715134367e+00 1.921247350339675863e+00
3.680659962620802084e+00 1.924419434528555239e+00
3.680532229433247426e+00 1.927884859879266166e+00
3.680417722595993091e+00 1.931001668170026386e+00
3.680286930217406383e+00 1.934477036838072594e+00
3.680177358514006958e+00 1.937520004235677717e+00
3.680044957207619039e+00 1.940946304733190964e+00
3.679932699250423767e+00 1.943989190428761393e+00
3.679818316481405560e+00 1.947072914825972445e+00
3.679685457830312423e+00 1.950418502100313312e+00
3.679570553875771033e+00 1.953520473184273021e+00
3.679452113496976651e+00 1.956623206906122237e+00
3.679333799961707729e+00 1.959831060596185948e+00
3.679214235557378476e+00 1.962802181747012042e+00
3.679098477445724491e+00 1.965803920034736807e+00
3.678973864018225459e+00 1.969123265738829787e+00
3.678865451183493285e+00 1.972026468382851450e+00
3.678746448888683851e+00 1.974967534899251476e+00
3.678635396102209576e+00 1.977928652692451994e+00
3.678492487113200315e+00 1.981171127882044969e+00
3.678385644607347071e+00 1.984056104987673042e+00
3.678265411880578206e+00 1.987233743091738170e+00
3.678153541934887638e+00 1.990097849441012867e+00
3.678046686312984370e+00 1.992946747433120835e+00
3.677926650943668552e+00 1.996120040077337787e+00
3.677820794904251844e+00 1.998933133001173701e+00
3.677702766073154272e+00 2.002045582853668293e+00
3.677597648143903886e+00 2.004833712434554549e+00
3.677482376015592802e+00 2.007863149333330544e+00
3.677366046635087482e+00 2.010684856898476980e+00
3.677245326367521994e+00 2.013645386303916318e+00
3.677139528296420767e+00 2.016451371282200533e+00
3.677018070678833794e+00 2.019454628953587516e+00
3.676916159185515731e+00 2.022125580946523726e+00
3.676813132920247806e+00 2.024858383601231271e+00
3.676697497209660437e+00 2.027586981989648152e+00
3.676582515529294604e+00 2.030604997062805506e+00
3.676482527541688139e+00 2.033246544542799406e+00
3.676380401822641364e+00 2.035929772896186485e+00
3.676278162882031353e+00 2.038609435442465312e+00
3.676164254951597155e+00 2.041574845099275226e+00
3.676065251033923786e+00 2.044168491573270963e+00
3.675964949606695953e+00 2.046787244656629756e+00
3.675850042319559030e+00 2.049409621004861570e+00
3.675748844071622834e+00 2.052035366363245128e+00
3.675634582400923112e+00 2.054927439565209291e+00
3.675531809686505724e+00 2.057465612236062835e+00
3.675433842091726078e+00 2.060022425613894814e+00
3.675323570767998760e+00 2.062873572746418915e+00
3.675219082851029828e+00 2.065388188256167545e+00
3.675122347781293541e+00 2.067913697343286117e+00
3.675014798544667283e+00 2.070702747975486702e+00
3.674912416858698627e+00 2.073171261452113612e+00
3.674806218128053636e+00 2.075927666340616096e+00
3.674711865321169224e+00 2.078391940341134614e+00
3.674616886722013476e+00 2.080861883812142210e+00
3.674513688469521089e+00 2.083528379285703114e+00
3.674408418745306104e+00 2.086039740802176023e+00
3.674296176501798072e+00 2.088710821194447842e+00
3.674204621005135785e+00 2.091099432721049478e+00
3.674105180267668302e+00 2.093678439641916800e+00
3.674010020609706828e+00 2.096148213491791257e+00
3.673916526398031124e+00 2.098517526804945188e+00
3.673824200418342123e+00 2.100888078500950940e+00
3.673722582618908827e+00 2.103276502498627298e+00
3.673630434652854770e+00 2.105663717383475131e+00
3.673532553976682991e+00 2.108276921164969675e+00
3.673434008930750228e+00 2.110579769423131857e+00
3.673342943458270948e+00 2.112943034932098119e+00
3.673243989814282351e+00 2.115426908563551311e+00
3.673157071726778522e+00 2.117681036490810520e+00
3.673058015929604903e+00 2.120227739804544598e+00
3.672960219606052679e+00 2.122500996690499520e+00
3.672867035184596229e+00 2.124906208699044452e+00
3.672774073433430875e+00 2.127297962572275214e+00
3.672677825116356765e+00 2.129524190836241448e+00
3.672590606005756708e+00 2.131784365461205866e+00
3.672499520840541543e+00 2.134136831707022619e+00
3.672416477653850819e+00 2.136287139113742573e+00
3.672323563716304751e+00 2.138673157832404748e+00
3.672241691154061627e+00 2.140790945708507920e+00
3.672163253602783950e+00 2.142900729003314630e+00
3.672081038719106072e+00 2.145016136068489399e+00
3.671962126307200425e+00 2.147362945285460789e+00
3.671884191371541206e+00 2.149408881018724404e+00
3.671806865079701332e+00 2.151432565259282281e+00
3.671717638643146930e+00 2.153706042391127617e+00
3.671642413622931311e+00 2.155671259688283659e+00
3.671556331454211008e+00 2.157893156761087283e+00
3.671482648522964798e+00 2.159816694333831055e+00
3.671398209248609490e+00 2.161993044285758891e+00
3.671317876434925687e+00 2.163857811950280929e+00
3.671232214396872973e+00 2.165964981449979732e+00
3.671159758309054499e+00 2.167854856786611606e+00
3.671084597229940183e+00 2.169809322464575807e+00
3.671013839922533606e+00 2.171651822231751350e+00
3.670932937515739347e+00 2.173557777380674239e+00
3.670866632210333158e+00 2.175299285447028552e+00
3.670794687852028115e+00 2.177173237584577148e+00
3.670730391404754211e+00 2.178868152363074628e+00
3.670665644924637316e+00 2.180568000074853519e+00
3.670590293262245840e+00 2.182302000456277646e+00
3.670532330279497213e+00 2.183846283664899079e+00
3.670474339674157704e+00 2.185389003654592877e+00
3.670411706726761203e+00 2.187042991628790123e+00
3.670356449602368176e+00 2.188523460835380074e+00
3.670300875016970998e+00 2.190015231483059210e+00
3.670250258808838151e+00 2.191386821055760326e+00
3.670200241933738727e+00 2.192733372533718139e+00
3.670152394431810183e+00 2.193942717788127883e+00
3.670092291540480112e+00 2.195221852716541466e+00
3.670052575637586578e+00 2.196342468464428599e+00
3.670011807696981876e+00 2.197494389893051459e+00
3.669964208010465523e+00 2.198532137870490732e+00
3.669933728536319162e+00 2.199450018489883529e+00
3.669908679184625377e+00 2.200357935460106606e+00
3.669882840519074207e+00 2.201143795400619219e+00
3.669857738250615231e+00 2.201941327752597655e+00
3.669843084353942686e+00 2.202493436199155497e+00
3.669825412968685807e+00 2.203098834600826894e+00
3.669818656391049760e+00 2.203471262084692128e+00
3.669812074569421601e+00 2.203849915968573381e+00
3.669813832375547591e+00 2.204029584920794704e+00
3.669815950221711809e+00 2.204210838575670461e+00
3.669825615123905482e+00 2.204217948874600985e+00
3.669840626374875736e+00 2.204102055529455928e+00
3.669858393945615749e+00 2.203930099431115064e+00
3.669883542242749375e+00 2.203584808712907073e+00
3.669908919988880136e+00 2.203240866317727864e+00
3.669941317961174398e+00 2.202738857379457738e+00
3.669977939733408689e+00 2.202138819238236511e+00
3.670016219058819473e+00 2.201503925588945254e+00
3.670056078216712869e+00 2.200835562463758777e+00
3.670097396669413481e+00 2.200131945191095006e+00
3.670136488514541995e+00 2.199481463146090832e+00
3.670170553707304162e+00 2.198945229046312733e+00
3.670195298491934377e+00 2.198619901414728961e+00
3.670190083918650092e+00 2.198975627111809938e+00
3.670123245872018547e+00 2.200724858189164301e+00
3.669994932373279450e+00 2.203856201856070118e+00
3.669871405602821213e+00 2.206880007052662407e+00
3.669778292032624734e+00 2.209132104772896454e+00
3.669680085050321949e+00 2.211579921844381236e+00
3.669593772796521325e+00 2.213741648908755799e+00
3.669494553004108983e+00 2.216175366963876403e+00
3.669403463208682936e+00 2.218336967651973080e+00
3.669315883395497746e+00 2.220514983180231106e+00
3.669210491294107701e+00 2.222914908044797411e+00
3.669122321432540357e+00 2.225041060344581378e+00
3.669028313963645704e+00 2.227372477307091536e+00
3.668944237207844683e+00 2.229467681874696794e+00
3.668850353721127888e+00 2.231784398972559647e+00
3.668766127627254736e+00 2.233871626434928981e+00
3.668672975184061880e+00 2.235936522168174623e+00
3.668580152329560473e+00 2.238219473206590315e+00
3.668495168343224755e+00 2.240320188701891535e+00
3.668401737021107500e+00 2.242560441772582180e+00
3.668321069810088098e+00 2.244552755320228243e+00
3.668231057291407637e+00 2.246754908952020902e+00
3.668141453614986336e+00 2.248834294354346675e+00
3.668060316278753952e+00 2.250836456216524173e+00
3.667955646688411786e+00 2.253086799585551692e+00
3.667876837087583830e+00 2.255043729905406913e+00
3.667796361712261977e+00 2.257033543729337843e+00
3.667699261359590235e+00 2.259261092926210246e+00
3.667619242088439258e+00 2.261245246856682378e+00
3.667533472419497897e+00 2.263359005609675290e+00
3.667453339441578475e+00 2.265338038840179369e+00
3.667367705604572148e+00 2.267443732907854503e+00
3.667289660926216222e+00 2.269368513537695087e+00
3.667202545820005266e+00 2.271310696139518193e+00
3.667113438697901628e+00 2.273503335278083792e+00
3.667037633673178476e+00 2.275377409182882893e+00
3.666951087089718175e+00 2.277491218505679260e+00
3.666855725494487128e+00 2.279372576915692949e+00
3.666778119794098956e+00 2.281286757396201903e+00
3.666696643072261619e+00 2.283199646121787385e+00
3.666609647320391741e+00 2.285326370821408659e+00
3.666533497379336648e+00 2.287202281168942530e+00
3.666447470317121926e+00 2.289275627428765780e+00
3.666370905259192181e+00 2.291155450748744382e+00
3.666289744271805873e+00 2.293138717699833240e+00
3.666198237487880540e+00 2.295170055975074952e+00
3.666111267290984355e+00 2.297009639632837885e+00
3.666034962052532098e+00 2.298899281509202197e+00
3.665954369937949764e+00 2.300886389602780024e+00
3.665880959078639201e+00 2.302702975099788940e+00
3.665800619756292456e+00 2.304676260513847108e+00
3.665721779169210937e+00 2.306558393512671667e+00
3.665640976748172797e+00 2.308532616230144274e+00
3.665568011666625381e+00 2.310325008211417952e+00
3.665494054860750417e+00 2.312135795122603366e+00
3.665407890745898012e+00 2.314154683094222342e+00
3.665336678962378691e+00 2.315904771004764662e+00
3.665254633106864279e+00 2.317897948454164414e+00
3.665182460173887158e+00 2.319656176735624076e+00
3.665097909661525932e+00 2.321485085674139803e+00
3.665019429930497008e+00 2.323401039241169475e+00
3.664919580847858960e+00 2.325276354934218137e+00
3.664847216323231738e+00 2.327065057116858959e+00
3.664776653439739018e+00 2.328804299330692107e+00
3.664697977602106249e+00 2.330703798273022986e+00
3.664624640427437186e+00 2.332498960640989161e+00
3.664546083298257706e+00 2.334256878414873171e+00
3.664474916129604409e+00 2.336001032860499649e+00
3.664392103672231116e+00 2.337947129984970118e+00
3.664323051241247242e+00 2.339640516841046125e+00
3.664252115168365354e+00 2.341372153700026715e+00
3.664173545057795245e+00 2.343277408480727519e+00
3.664104688513568853e+00 2.344954244643451702e+00
3.664030783436936112e+00 2.346723910863698137e+00
3.663954919322562453e+00 2.348559319943472445e+00
3.663879369560718136e+00 2.350247814380930222e+00
3.663807327628823884e+00 2.351995970897771127e+00
3.663732378832712744e+00 2.353809406348551292e+00
3.663660561179353792e+00 2.355488542332538238e+00
3.663591967183601028e+00 2.357156055105343651e+00
3.663513747033200207e+00 2.359038348722889644e+00
3.663445814965112124e+00 2.360688253468089748e+00
3.663370289049543427e+00 2.362507460483891375e+00
3.663301632500915339e+00 2.364152855295263311e+00
3.663212535248090429e+00 2.365933407672054845e+00
3.663143777253708322e+00 2.367608881803454857e+00
3.663069451481058447e+00 2.369408987021900170e+00
3.663003227783713456e+00 2.371021765650600521e+00
3.662936116121650709e+00 2.372650717497169826e+00
3.662859698968861988e+00 2.374458393770173092e+00
3.662789464094549086e+00 2.376111260097741429e+00
3.662715975825831194e+00 2.377878229983365621e+00
3.662644429280248470e+00 2.379521119372351556e+00
3.662572638156130544e+00 2.381242433043955664e+00
3.662506527910269316e+00 2.382825545447306848e+00
3.662418675267251622e+00 2.384609377843674327e+00
3.662342857523420481e+00 2.386226399065671799e+00
3.662266801271159444e+00 2.387927794153432703e+00
3.662194530645492385e+00 2.389670275970980917e+00
3.662129851146545434e+00 2.391239735408102529e+00
3.662059982959934068e+00 2.392923608807111080e+00
3.661995231255757766e+00 2.394488525183427363e+00
3.661922728244813019e+00 2.396227594102716463e+00
3.661852111083856887e+00 2.397809398683409476e+00
3.661787393101286536e+00 2.399371319345861675e+00
3.661715016720394456e+00 2.401105203025974966e+00
3.661650957400861550e+00 2.402650994128171291e+00
3.661559571174573424e+00 2.404370939593553747e+00
3.661496289159748674e+00 2.405892406688981744e+00
3.661421720651026668e+00 2.407618525870498516e+00
3.661357320974456098e+00 2.409180335890309443e+00
3.661295229862341571e+00 2.410819773668793964e+00
3.661225822566780419e+00 2.412488216413497089e+00
3.661162043841623692e+00 2.414027542497166223e+00
3.661093896897726463e+00 2.415662016716284999e+00
3.661029385906476197e+00 2.417210506147899896e+00
3.660960561593738394e+00 2.418852817837198188e+00
3.660884271777974153e+00 2.420486704682126344e+00
3.660822777337287448e+00 2.421967217986488397e+00
3.660739468598503521e+00 2.423633516850826286e+00
3.660678227872828483e+00 2.425116061723105787e+00
3.660610409724184944e+00 2.426741930582438478e+00
3.660546297131924920e+00 2.428283541156758041e+00
3.660481127395166290e+00 2.429822567971306135e+00
3.660414713675477660e+00 2.431409716568140755e+00
3.660353065917873128e+00 2.432887301071560593e+00
3.660281436846657854e+00 2.434527193323929861e+00
3.660220446228500624e+00 2.435987077307916415e+00
3.660156107968882910e+00 2.437518218303005746e+00
3.660081818778896157e+00 2.439098198999245959e+00
3.660019437296685219e+00 2.440592966237193018e+00
3.659953485076408608e+00 2.442166122832774899e+00
3.659892001437680342e+00 2.443605456664771136e+00
3.659828048854218085e+00 2.445126283031147985e+00
3.659762023414585563e+00 2.446694593118715844e+00
3.659690616293894028e+00 2.448144264351138411e+00
3.659623525837227387e+00 2.449738667535544145e+00
3.659561329971706467e+00 2.451224095052080276e+00
3.659498179704542942e+00 2.452731399645612598e+00
3.659432565773128587e+00 2.454289137285316613e+00
3.659340547728142212e+00 2.455706513241554756e+00
3.659281897906331960e+00 2.457129478341004702e+00
3.659215731326740606e+00 2.458719735390550110e+00
3.659153513628056409e+00 2.460130556968699977e+00
3.659092160566036256e+00 2.461611014644178308e+00
3.659028918632416083e+00 2.463125492214341516e+00
3.658967761609980052e+00 2.464540939248557549e+00
3.658902676664452791e+00 2.466097885193719641e+00
3.658843283054713513e+00 2.467524768725025464e+00
3.658775414887011745e+00 2.469017031963987918e+00
3.658714380573584890e+00 2.470449809821541276e+00
3.658651871892777852e+00 2.471945057954146208e+00
3.658590260716472642e+00 2.473418628159298471e+00
3.658531248064160746e+00 2.474830688143644153e+00
3.658465620696984555e+00 2.476261868178714298e+00
3.658403172896686151e+00 2.477752930486958327e+00
3.658340199092859013e+00 2.479253672988458224e+00
3.658284496004614361e+00 2.480590626728078174e+00
3.658222114492967414e+00 2.482072829728708019e+00
3.658163494320516573e+00 2.483471450587230400e+00
3.658100201737898072e+00 2.484971719489274200e+00
3.658038646113061176e+00 2.486319213108622694e+00
3.657976158232477459e+00 2.487804726504693420e+00
3.657915116017024904e+00 2.489253672771561732e+00
3.657855725164244731e+00 2.490626543923832870e+00
3.657793883044399230e+00 2.492097733956711636e+00
3.657737852947180901e+00 2.493436918280949044e+00
3.657677547230965942e+00 2.494818319725774280e+00
3.657615559880485812e+00 2.496286479289543170e+00
3.657554905207606843e+00 2.497699176331393378e+00
3.657497524170469916e+00 2.499062359237533393e+00
3.657436318466427583e+00 2.500506789000614738e+00
3.657380250470352756e+00 2.501835814814701742e+00
3.657318772259419148e+00 2.503282969347069731e+00
3.657257509231651049e+00 2.504582057684916929e+00
3.657183300732069764e+00 2.506043987553062902e+00
3.657128207171884693e+00 2.507356011687531083e+00
3.657067045086268120e+00 2.508799940233303882e+00
3.657007811120680074e+00 2.510200286392001878e+00
3.656952626115276050e+00 2.511511286112415586e+00
3.656897100807078971e+00 2.512825506686328758e+00
3.656829802749743230e+00 2.514260991587024652e+00
3.656775544911262443e+00 2.515547779648368731e+00
3.656714206780927512e+00 2.516987101198604915e+00
3.656659705518793491e+00 2.518277197932003997e+00
3.656597855692135024e+00 2.519697571923138923e+00
3.656529598497086475e+00 2.520978240485177491e+00
3.656470555160679314e+00 2.522369823910346476e+00
3.656415310337155944e+00 2.523677532628596509e+00
3.656360868836580291e+00 2.524961516389330640e+00
3.656300683811294139e+00 2.526373163492662943e+00
3.656244091801896801e+00 2.527656739432785127e+00
3.656184532667011489e+00 2.529051602466209747e+00
3.656131349633343852e+00 2.530305812934947163e+00
3.656071236271124736e+00 2.531710013777877410e+00
3.656004015518744321e+00 2.532958479222677806e+00
3.655942651205490890e+00 2.534343108003432654e+00
3.655889747093812314e+00 2.535596691322357987e+00
3.655836163786500670e+00 2.536862521701334305e+00
3.655776731125553791e+00 2.538256969957317644e+00
3.655720476507666739e+00 2.539580778880904610e+00
3.655662832982672139e+00 2.540847134864203660e+00
3.655608547324849411e+00 2.542221604577027616e+00
3.655556715494280517e+00 2.543449215604187685e+00
3.655498289296803538e+00 2.544818162065131339e+00
3.655446254354127955e+00 2.546046527919712421e+00
3.655388712413432994e+00 2.547394564715877774e+00
3.655335513029529082e+00 2.548620612185666712e+00
3.655273571611126204e+00 2.549971638365131632e+00
3.655222111400806551e+00 2.551185696789026291e+00
3.655163908545316698e+00 2.552543264884616026e+00
3.655112047463080938e+00 2.553763381857949266e+00
3.655054237584321797e+00 2.555110595451171474e+00
3.654993985939652745e+00 2.556299286288121753e+00
3.654941317012458502e+00 2.557536288090381138e+00
3.654882955466040251e+00 2.558897243752770834e+00
3.654826042946696774e+00 2.560093253340493202e+00
3.654769233428005748e+00 2.561421288280507191e+00
3.654713613387286397e+00 2.562722295198848421e+00
3.654662082284084068e+00 2.563917006515902486e+00
3.654606782519667529e+00 2.565120645675855737e+00
3.654549254804376979e+00 2.566459732488019618e+00
3.654498800239784906e+00 2.567643681375575859e+00
3.654444434749752446e+00 2.568883892452077600e+00
3.654389257712530981e+00 2.570165975923643487e+00
3.654333365230833852e+00 2.571461899037700949e+00
3.654275424467157585e+00 2.572631717374629812e+00
3.654219681904314676e+00 2.573926525405691113e+00
3.654164994648184006e+00 2.575196962671056689e+00
3.654109845766762898e+00 2.576375147148517453e+00
3.654037200001674091e+00 2.577661300892285734e+00
3.653988129865560097e+00 2.578817666649469764e+00
3.653933146909912999e+00 2.580104246728375461e+00
3.653882072237588208e+00 2.581303370922627849e+00
3.653828773878728953e+00 2.582549952700962770e+00
3.653774957391812350e+00 2.583805752143321754e+00
3.653717215837465560e+00 2.584953385449892949e+00
3.653661778219962741e+00 2.586248175262180204e+00
3.653613565952757103e+00 2.587385496779709193e+00
3.653561578675530441e+00 2.588659977791162525e+00
3.653511886250277563e+00 2.589823726377918245e+00
3.653458221030256858e+00 2.591072538182043417e+00
3.653408828036552869e+00 2.592227755585033933e+00
3.653348066809580796e+00 2.593485570176439214e+00
3.653300451197586174e+00 2.594604074590813880e+00
3.653242967494092497e+00 2.595857716076866772e+00
3.653190555238826853e+00 2.597029140981994999e+00
3.653138730531897860e+00 2.598265414532392015e+00
3.653085995932325858e+00 2.599464608632542806e+00
3.653038665322480671e+00 2.600601367561354405e+00
3.652983397250838316e+00 2.601854647827863687e+00
3.652937861854879120e+00 2.602949272872175701e+00
3.652883143512692055e+00 2.604189517042580615e+00
3.652835661112743271e+00 2.605321279051409533e+00
3.652777217703561341e+00 2.606555970633230856e+00
3.652730268341775943e+00 2.607678263478629965e+00
3.652676369131331757e+00 2.608901505948936883e+00
3.652628063022437477e+00 2.610050571087031646e+00
3.652575037432597149e+00 2.611237488175910837e+00
3.652524780773049873e+00 2.612339636665336862e+00
3.652458182565525124e+00 2.613534169651576811e+00
3.652410400446236771e+00 2.614675137375371605e+00
3.652358335232960052e+00 2.615864212574909864e+00
3.652311544387548459e+00 2.616981742254456123e+00
3.652257172532086482e+00 2.618191374541564365e+00
3.652206475081231751e+00 2.619284714563431926e+00
3.652153841187388839e+00 2.620484373870127559e+00
3.652102603942159575e+00 2.621592791159757851e+00
3.652049879248295827e+00 2.622795140944482739e+00
3.652004859963764005e+00 2.623869844648001326e+00
3.651952371749622728e+00 2.625066577060649831e+00
3.651897150651230994e+00 2.626143613083915085e+00
3.651845086914008665e+00 2.627333946057826886e+00
3.651798250105149357e+00 2.628404610728555024e+00
3.651745776765248586e+00 2.629600658086041598e+00
3.651700013721066451e+00 2.630686850724574644e+00
3.651648134920243649e+00 2.631869527390387375e+00
3.651599232291603325e+00 2.633020751522531899e+00
3.651547159929673825e+00 2.634085487278306825e+00
3.651483101928093333e+00 2.635247558236040177e+00
3.651433474031112514e+00 2.636390311084576776e+00
3.651388000263339872e+00 2.637474630849943047e+00
3.651340369259489460e+00 2.638570586178480948e+00
3.651291728522998437e+00 2.639719583166621586e+00
3.651241978963143620e+00 2.640861708401932351e+00
3.651197870192421480e+00 2.641910780534495462e+00
3.651147174850051247e+00 2.643070968768281404e+00
3.651100329579024084e+00 2.644150113320023809e+00
3.651051482382679847e+00 2.645268098980487537e+00
3.651002242764481487e+00 2.646420465863366545e+00
3.650956683082362986e+00 2.647466534692222595e+00
3.650908693895892565e+00 2.648589118586434754e+00
3.650859201124884379e+00 2.649714722062226802e+00
3.650814326066047055e+00 2.650768055109754329e+00
3.650760843220130614e+00 2.651899144328142999e+00
3.650716670155360166e+00 2.652938390482221021e+00
3.650671065309420982e+00 2.653981381215343660e+00
3.650621159765450763e+00 2.655137963571418513e+00
3.650569127488342946e+00 2.656179557069054731e+00
3.650521039107532228e+00 2.657217833638465532e+00
3.650460303049507971e+00 2.658375270197349760e+00
3.650417299223077450e+00 2.659391359650113529e+00
3.650367578102988286e+00 2.660527525677066407e+00
3.650320376998789307e+00 2.661631390763250504e+00
3.650276882557584646e+00 2.662632890499305738e+00
3.650225335474061694e+00 2.663759953893254817e+00
3.650180885154802990e+00 2.664773493760956402e+00
3.650132154340063995e+00 2.665903227262942377e+00
3.650086502501487473e+00 2.666886086666239386e+00
3.650040314439286782e+00 2.667924965461034859e+00
3.649987249218311636e+00 2.669066902857352819e+00
3.649945634962250107e+00 2.670099121452448543e+00
3.649889637981617252e+00 2.671156315161486106e+00
3.649845179036860010e+00 2.672250391168045969e+00
3.649799650731349487e+00 2.673239173254782663e+00
3.649754132669993378e+00 2.674350931033599110e+00
3.649708583765423953e+00 2.675340520060921712e+00
3.649663840168287265e+00 2.676432765534595859e+00
3.649614876894927917e+00 2.677495266341917812e+00
3.649573178326207756e+00 2.678518993238395041e+00
3.649527376371382470e+00 2.679586756006192783e+00
3.649485318721834126e+00 2.680595297582514469e+00
3.649435319775534925e+00 2.681677423468005639e+00
3.649389355860904960e+00 2.682685620601943821e+00
3.649341009323165519e+00 2.683736822819794199e+00
3.649297463364924887e+00 2.684717838809997481e+00
3.649246854831560860e+00 2.685819344600115510e+00
3.649207149486140001e+00 2.686792029706629670e+00
3.649155938012947242e+00 2.687881744552055974e+00
3.649115921537565921e+00 2.688857342130914319e+00
3.649066982285593674e+00 2.689922487373371141e+00
3.649025381971928716e+00 2.690928214730743395e+00
3.648977151473815184e+00 2.691977861458686228e+00
3.648936124008281379e+00 2.692966634630435063e+00
3.648888666311544959e+00 2.693999856452800490e+00
3.648847394929918941e+00 2.694991374162997833e+00
3.648796487153321610e+00 2.696020537533908357e+00
3.648730571017455571e+00 2.697076248345961602e+00
3.648687932055489025e+00 2.698020335704867989e+00
3.648641759750776092e+00 2.699085299791884829e+00
3.648595257874195141e+00 2.700092964139292562e+00
3.648550744084055442e+00 2.701078042908258148e+00
3.648503375346924926e+00 2.702119367402954442e+00
3.648463626185465714e+00 2.703080963431506500e+00
3.648400390475019073e+00 2.704104241849493828e+00
3.648360630364894330e+00 2.705071301701653663e+00
3.648313963808791360e+00 2.706107779093029464e+00
3.648274710911021845e+00 2.707061298824809281e+00
3.648225607442845853e+00 2.708114604575794448e+00
3.648186907010105617e+00 2.709052021386694431e+00
3.648140618424913217e+00 2.710075030301033028e+00
3.648096396060116042e+00 2.711038261097416857e+00
3.648049432365792377e+00 2.712078248369343303e+00
3.648008032667708012e+00 2.713069209618448774e+00
3.647965499575811510e+00 2.714015318789372522e+00
3.647924768972442333e+00 2.714988715541216457e+00
3.647880046968507539e+00 2.715979896279900885e+00
3.647837201702157195e+00 2.716993969249826613e+00
3.647795684093951607e+00 2.717917205327181840e+00
3.647752160476724015e+00 2.718945147230950266e+00
3.647706995765220839e+00 2.719944341215588590e+00
3.647668481130164064e+00 2.720865380990502569e+00
3.647626354942024918e+00 2.721799669928745224e+00
3.647585224786141112e+00 2.722840957388404703e+00
3.647540215048907797e+00 2.723816874359295870e+00
3.647485487106381097e+00 2.724770102360014601e+00
3.647442284380602917e+00 2.725734606348299671e+00
3.647400009377315566e+00 2.726734755288298562e+00
3.647358195817053339e+00 2.727668481626534636e+00
3.647314080484133747e+00 2.728636170198110111e+00
3.647272570079289622e+00 2.729564741598775157e+00
3.647230572468142196e+00 2.730556296504254910e+00
3.647185005938410995e+00 2.731545101061557013e+00
3.647145483586915926e+00 2.732481435277734239e+00
3.647102886773354147e+00 2.733430922644681793e+00
3.647064693575539973e+00 2.734336615646022928e+00
3.647017332179363969e+00 2.735348135563755889e+00
3.646976501098010193e+00 2.736307646497716295e+00
3.646935047006266029e+00 2.737232561323862612e+00
3.646893154612627530e+00 2.738132024353383098e+00
3.646844734988491155e+00 2.739122030334322222e+00
3.646809652951487291e+00 2.740039007746017052e+00
3.646761772614408592e+00 2.741019390491177710e+00
3.646726734648208623e+00 2.741931025207501094e+00
3.646679771073718435e+00 2.742876838872823964e+00
3.646641152464230373e+00 2.743781114216893080e+00
3.646592980485663826e+00 2.744770160827720851e+00
3.646558516959964358e+00 2.745661788592422603e+00
3.646511536000547338e+00 2.746627558311141470e+00
3.646476178414987057e+00 2.747532903619446465e+00
3.646432893543549714e+00 2.748422880327287210e+00
3.646393799635020638e+00 2.749404335506877128e+00
3.646346250007165946e+00 2.750287973084360349e+00
3.646308176411809931e+00 2.751216430017334957e+00
3.646263237886109287e+00 2.752145301289266932e+00
3.646224779452044373e+00 2.753106795450742883e+00
3.646175341526050939e+00 2.754046343460960777e+00
3.646140707108322498e+00 2.754926586226530638e+00
3.646095523489248258e+00 2.755865539405721876e+00
3.646057937758972578e+00 2.756803878311513856e+00
3.646015074107835652e+00 2.757695200407626945e+00
3.645977687151295665e+00 2.758625869966463640e+00
3.645935101082415031e+00 2.759512519696403210e+00
3.645896625511433786e+00 2.760462989943174961e+00
3.645855088389456711e+00 2.761328902333045399e+00
3.645816857649164078e+00 2.762271680300989019e+00
3.645754460043471923e+00 2.763123969406250602e+00
3.645715229457433981e+00 2.764094148398581030e+00
3.645674035834252980e+00 2.765029710132380192e+00
3.645628267829579272e+00 2.765866551919933247e+00
3.645583773181650500e+00 2.766791764173135437e+00
3.645547651961110525e+00 2.767693934549999568e+00
3.645504499941187859e+00 2.768610869637710969e+00
3.645466609300672012e+00 2.769455031354477903e+00
3.645421969372589110e+00 2.770404654645942877e+00
3.645384500379472481e+00 2.771264555082260994e+00
3.645339275870645768e+00 2.772195081681409601e+00
3.645302302738398392e+00 2.773111420675160588e+00
3.645251253887283660e+00 2.773971631089071188e+00
3.645215050701643644e+00 2.774872355700492399e+00
3.645174943589697847e+00 2.775733642943617685e+00
3.645138136278213370e+00 2.776643382983829511e+00
3.645096426895348518e+00 2.777537988223264698e+00
3.645061728820602642e+00 2.778400457202911511e+00
3.645019126621730887e+00 2.779314143808286897e+00
3.644985547057133068e+00 2.780149666726708713e+00
3.644938799190886147e+00 2.781077193875237441e+00
3.644903751640071299e+00 2.781942193972121391e+00
3.644863129087454912e+00 2.782817132233523783e+00
3.644825754342412516e+00 2.783726494613993019e+00
3.644786476476570947e+00 2.784572785375200255e+00
3.644749091316234590e+00 2.785463215678699811e+00
3.644706774870164701e+00 2.786297841048557267e+00
3.644669822789400104e+00 2.787195927737938117e+00
3.644629148992023726e+00 2.788070497884586274e+00
3.644576471199080459e+00 2.788900841781317919e+00
3.644537900644320150e+00 2.789740303356859741e+00
3.644500075240730830e+00 2.790659839910023532e+00
3.644462049779897850e+00 2.791487937618001514e+00
3.644425042075259302e+00 2.792382447296239523e+00
3.644385797590667053e+00 2.793208182135535456e+00
3.644348583610455883e+00 2.794107637976174896e+00
3.644308172311550909e+00 2.794982842340557827e+00
3.644270705120996823e+00 2.795802112901163206e+00
3.644229491081390382e+00 2.796697421883345580e+00
3.644193787993002864e+00 2.797562188525326121e+00
3.644155665842837344e+00 2.798392129422479169e+00
3.644121042141129418e+00 2.799230791864614876e+00
3.644080856233264054e+00 2.800103573824995085e+00
3.644047192980809591e+00 2.800921149152123757e+00
3.644007641044322288e+00 2.801780134332204408e+00
3.643970973096852362e+00 2.802657994966100130e+00
3.643932477093724032e+00 2.803494843359814137e+00
3.643897488962762665e+00 2.804336689611239830e+00
3.643859443417565291e+00 2.805163710232471797e+00
3.643820015123291345e+00 2.806024997338545379e+00
3.643781650029485952e+00 2.806898732901992766e+00
3.643744195208820091e+00 2.807752473175263663e+00
3.643706433069126227e+00 2.808559239354292192e+00
3.643669167825598798e+00 2.809406046090509257e+00
3.643631137722588953e+00 2.810268250649894384e+00
3.643596428160379208e+00 2.811061293644074421e+00
3.643553607669106409e+00 2.811932680502600146e+00
3.643518569478861213e+00 2.812733741588025360e+00
3.643480636649286009e+00 2.813594621664973872e+00
3.643446314098758521e+00 2.814379788159353968e+00
3.643406031534866418e+00 2.815264289509264106e+00
3.643369637864223964e+00 2.816091830013125019e+00
3.643334821269071266e+00 2.816885121820729143e+00
3.643297757130890435e+00 2.817722753306391770e+00
3.643261510995770447e+00 2.818544402111785363e+00
3.643224224464031824e+00 2.819387227140991214e+00
3.643186087257273442e+00 2.820170789448526172e+00
3.643148542630168407e+00 2.821020691868642682e+00
3.643104292655954701e+00 2.821805296418232523e+00
3.643066873486827006e+00 2.822655532209544127e+00
3.643030586573176688e+00 2.823481714981302737e+00
3.642995377170194615e+00 2.824284751632104129e+00
3.642959453705179929e+00 2.825102597539036253e+00
3.642918896721998756e+00 2.825922234800379407e+00
3.642883350523991481e+00 2.826730538615996657e+00
3.642846154116932578e+00 2.827571490819011490e+00
3.642811627276376196e+00 2.828358486343056200e+00
3.642776446978610583e+00 2.829158570619747071e+00
3.642738724300238484e+00 2.830009532516049031e+00
3.642705212052219199e+00 2.830772948816468126e+00
3.642667846532805953e+00 2.831615921446534401e+00
3.642628211537027205e+00 2.832384549576516530e+00
3.642591418096718492e+00 2.833211897406937130e+00
3.642555779808054783e+00 2.834019759675706851e+00
3.642518395102856132e+00 2.834834834206918508e+00
3.642483905441727288e+00 2.835617273414570594e+00
3.642444595869445134e+00 2.836433033862211239e+00
3.642405981129305470e+00 2.837219227664990129e+00
3.642369766617737703e+00 2.838038286981257041e+00
3.642336476198859696e+00 2.838797713555637259e+00
3.642299490069572876e+00 2.839632110373096374e+00
3.642265275824242199e+00 2.840409824045535547e+00
3.642230718089483066e+00 2.841192709566380259e+00
3.642197379960679715e+00 2.841949978113470276e+00
3.642160717233076106e+00 2.842775767416622301e+00
3.642125102795930047e+00 2.843579580709756804e+00
3.642091100763579448e+00 2.844349760434798924e+00
3.642038029516254216e+00 2.845148151734765651e+00
3.642003400825348791e+00 2.845902103271083394e+00
3.641969699378255321e+00 2.846729260766709402e+00
3.641934281341767665e+00 2.847531761806803452e+00
3.641902323654764295e+00 2.848262641384177840e+00
3.641866329501671995e+00 2.849057288720156844e+00
3.641831774784694442e+00 2.849838854926320053e+00
3.641796728833869956e+00 2.850631000993603781e+00
3.641761067140415697e+00 2.851435189664606629e+00
3.641688147954766031e+00 2.852183465816005015e+00
3.641650566093514563e+00 2.852955255662126710e+00
3.641618226362308253e+00 2.853706931516729384e+00
3.641585923772503453e+00 2.854456086884803234e+00
3.641550289729676315e+00 2.855275375349277223e+00
3.641514542006891730e+00 2.856073381099904385e+00
3.641482797237019842e+00 2.856808367479314104e+00
3.641448105087534692e+00 2.857605047631780248e+00
3.641416342417291840e+00 2.858339394122851207e+00
3.641376615617268886e+00 2.859101280367492226e+00
3.641342166235319588e+00 2.859892691255009112e+00
3.641307414208692084e+00 2.860611836033221778e+00
3.641272139847445910e+00 2.861422063243487468e+00
3.641241190881338241e+00 2.862140262568085181e+00
3.641205713134290534e+00 2.862952193280515090e+00
3.641174149701549734e+00 2.863681649901965276e+00
3.641139604632296578e+00 2.864471900684909755e+00
3.641103678976682634e+00 2.865241342873499963e+00
3.641071359507955130e+00 2.865984371645802220e+00
3.641033856055403639e+00 2.866743375355859769e+00
3.641001561569789491e+00 2.867484443889026569e+00
3.640966946447760311e+00 2.868273105273503543e+00
3.640933639385914855e+00 2.869034484379132000e+00
3.640902223347120437e+00 2.869756025364834873e+00
3.640869804481351668e+00 2.870497417439415777e+00
3.640836075827529328e+00 2.871265715224358583e+00
3.640801695035534191e+00 2.872046518446402796e+00
3.640769063071840783e+00 2.872790317189481968e+00
3.640730169089211099e+00 2.873523174701082539e+00
3.640696332923302858e+00 2.874293564623569885e+00
3.640663926858670241e+00 2.875006342189430963e+00
3.640629732506884153e+00 2.875781121407189556e+00
3.640594384810102113e+00 2.876513283368359986e+00
3.640561400943201242e+00 2.877263822408155036e+00
3.640523983511227080e+00 2.878025689377638585e+00
3.640493924971166972e+00 2.878716357651854629e+00
3.640459827950173199e+00 2.879489543020747444e+00
3.640428370246854950e+00 2.880207600001373436e+00
3.640395000909892875e+00 2.880964688252852124e+00
3.640363396026550458e+00 2.881684960506762039e+00
3.640330572706775847e+00 2.882429540122374068e+00
3.640297615370289286e+00 2.883176132421950477e+00
3.640264188597288619e+00 2.883898661365945859e+00
3.640230638484454495e+00 2.884656816967614112e+00
3.640198948106662336e+00 2.885344894234916246e+00
3.640164814791245096e+00 2.886113932385942604e+00
3.640136983765379419e+00 2.886811483881567053e+00
3.640102934985948391e+00 2.887576913450824456e+00
3.640072454623089815e+00 2.888269629670523475e+00
3.640040973020482351e+00 2.888981425139752979e+00
3.640006419490838141e+00 2.889738560423720681e+00
3.639973341490493119e+00 2.890481488971125223e+00
3.639942619613652397e+00 2.891177098653766375e+00
3.639908898905162449e+00 2.891932567389626119e+00
3.639865662265783897e+00 2.892641015522825931e+00
3.639829269144468693e+00 2.893368195949723276e+00
3.639797595843508926e+00 2.894088288878109427e+00
3.639764056119982438e+00 2.894844661375985950e+00
3.639735005298401216e+00 2.895509536951494489e+00
3.639693060084661536e+00 2.896246898291418681e+00
3.639660734716839929e+00 2.896980443148527318e+00
3.639629377712699565e+00 2.897693423775630439e+00
3.639597569714928760e+00 2.898414771369360210e+00
3.639566600821638964e+00 2.899119642842942657e+00
3.639536107657766362e+00 2.899812736322038731e+00
3.639503484343274753e+00 2.900549365849812045e+00
3.639467535643827745e+00 2.901277975769394057e+00
3.639437299478994969e+00 2.901967319529613398e+00
3.639405368239327920e+00 2.902690543474248042e+00
3.639373303368865109e+00 2.903415284783226191e+00
3.639343955133909514e+00 2.904083487703098765e+00
3.639311091384541896e+00 2.904823092031400655e+00
3.639279192693975595e+00 2.905542759322754076e+00
3.639249587385615214e+00 2.906214847440900861e+00
3.639215462747799723e+00 2.906960654310013048e+00
3.639183307721876925e+00 2.907611580146627350e+00
3.639149455979273196e+00 2.908367845575863697e+00
3.639119069148973207e+00 2.909054706530822987e+00
3.639088094360994674e+00 2.909752381210214622e+00
3.639033001679897517e+00 2.910457018305886212e+00
3.639002394474160962e+00 2.911156703225330489e+00
3.638972205920229630e+00 2.911846594563086033e+00
3.638941165237291386e+00 2.912554684653979375e+00
3.638911221527615591e+00 2.913233435220793144e+00
3.638879818812934985e+00 2.913946647267533940e+00
3.638849966355718113e+00 2.914627363246308445e+00
3.638817062399201774e+00 2.915343443983631211e+00
3.638785590529143743e+00 2.916055533170144987e+00
3.638754490509720441e+00 2.916693966960527629e+00
3.638722319147926321e+00 2.917420226972291530e+00
3.638689504009782194e+00 2.918079803397028549e+00
3.638657382789609596e+00 2.918805646110706586e+00
3.638626665188801290e+00 2.919501979074519138e+00
3.638597742397919443e+00 2.920161597775032813e+00
3.638566150353431450e+00 2.920874708628074856e+00
3.638536012946504083e+00 2.921524438390673328e+00
3.638503773983626122e+00 2.922248823306480059e+00
3.638475065359522809e+00 2.922901423670596355e+00
3.638445120905056562e+00 2.923578018635188069e+00
3.638414219894645196e+00 2.924274596937231241e+00
3.638383940860250298e+00 2.924958215670464323e+00
3.638354422429662449e+00 2.925625559408445930e+00
3.638325815588494994e+00 2.926331210796130566e+00
3.638297052651480623e+00 2.926981461028353326e+00
3.638265928152356388e+00 2.927679639060545735e+00
3.638236248385148919e+00 2.928348034690979595e+00
3.638204804885715404e+00 2.929034173128136853e+00
3.638174373946562845e+00 2.929714354466965709e+00
3.638145701689711853e+00 2.930360539094349459e+00
3.638113448052405996e+00 2.931077979154264934e+00
3.638084327877332935e+00 2.931732981447702446e+00
3.638054995848982731e+00 2.932391134672583721e+00
3.638019827844377385e+00 2.933079354585757859e+00
3.637990365011154914e+00 2.933741226335929042e+00
3.637960175612118263e+00 2.934418836438081435e+00
3.637921488697610783e+00 2.935094716978882801e+00
3.637891135291096312e+00 2.935754891698828306e+00
3.637860637060409630e+00 2.936439439935070173e+00
3.637830798660712794e+00 2.937110714921589150e+00
3.637802527661610164e+00 2.937748813731968056e+00
3.637771457396735020e+00 2.938393708791546377e+00
3.637740305500258398e+00 2.939089703323133573e+00
3.637713369618705617e+00 2.939746978078180639e+00
3.637683601159789060e+00 2.940414312609816783e+00
3.637649975417684090e+00 2.941084424617104176e+00
3.637621148774682123e+00 2.941732704425482403e+00
3.637591316372894568e+00 2.942400044057316588e+00
3.637560822534818161e+00 2.943080657478408746e+00
3.637532886680619804e+00 2.943710000786492476e+00
3.637502451912947521e+00 2.944389698108317521e+00
3.637474619922084873e+00 2.945015156921939159e+00
3.637445716709120536e+00 2.945661894314036466e+00
3.637414133025264285e+00 2.946344972104169457e+00
3.637380555510646207e+00 2.947013001466362248e+00
3.637352428680211691e+00 2.947643788386902219e+00
3.637322292458432305e+00 2.948314370719722799e+00
3.637294559890485335e+00 2.948935374841185730e+00
3.637266203657674613e+00 2.949568864686468395e+00
3.637212808111196072e+00 2.950223150895169955e+00
3.637183297367054369e+00 2.950889492054868946e+00
3.637146652338489439e+00 2.951568513071063826e+00
3.637119649255780462e+00 2.952184895790249008e+00
3.637090150552611867e+00 2.952849607852157110e+00
3.637062833058410494e+00 2.953470196858291263e+00
3.637031809921581704e+00 2.954140771190392645e+00
3.637002771092277431e+00 2.954794461189507171e+00
3.636974810720282836e+00 2.955441092483775734e+00
3.636945839892108623e+00 2.956092920347581643e+00
3.636914225812037493e+00 2.956733495625643915e+00
3.636885348425774822e+00 2.957384031885756936e+00
3.636853346835416723e+00 2.958018389326701580e+00
3.636824873264981939e+00 2.958661111762035834e+00
3.636794886243322811e+00 2.959300599130175957e+00
3.636766895223191298e+00 2.959931559760558439e+00
3.636736580527702323e+00 2.960609095341304453e+00
3.636708525967826233e+00 2.961240399018400637e+00
3.636681183492059155e+00 2.961840205465718689e+00
3.636652128111043325e+00 2.962490117429120939e+00
3.636622829016423086e+00 2.963144507273509198e+00
3.636593956950969986e+00 2.963789882597100966e+00
3.636568765635763700e+00 2.964425361085685218e+00
3.636541651740832215e+00 2.965033802815538078e+00
3.636512161021203671e+00 2.965690405173800226e+00
3.636483558100494395e+00 2.966328438483710528e+00
3.636455986645619198e+00 2.966945135172178283e+00
3.636427435436271338e+00 2.967581656974171533e+00
3.636400072282517382e+00 2.968193105318611025e+00
3.636371415890863990e+00 2.968805316625581892e+00
3.636341203708624015e+00 2.969472935913077372e+00
3.636312939455881743e+00 2.970101196962638301e+00
3.636285496442253962e+00 2.970713078601171286e+00
3.636256620906677561e+00 2.971352535250883609e+00
3.636228555320978106e+00 2.971976398044431811e+00
3.636196000640685266e+00 2.972603397406778480e+00
3.636167485297084223e+00 2.973237872017299388e+00
3.636140080746432801e+00 2.973849927279542449e+00
3.636104116890244153e+00 2.974460193995458912e+00
3.636075844178026095e+00 2.975091585698167229e+00
3.636048603087649322e+00 2.975702604324732103e+00
3.636019406504506613e+00 2.976352313324269971e+00
3.635993449459446136e+00 2.976936731676263825e+00
3.635963886066413853e+00 2.977592520816544130e+00
3.635938412186190849e+00 2.978166485512149020e+00
3.635909038715532837e+00 2.978817921879005404e+00
3.635879810446982052e+00 2.979416570764528593e+00
3.635851047868850827e+00 2.980055036485433018e+00
3.635819396301262607e+00 2.980677584425636351e+00
3.635793214644195803e+00 2.981265490838755472e+00
3.635764083545169445e+00 2.981896251353961080e+00
3.635738455566834393e+00 2.982471257349847082e+00
3.635709136049913859e+00 2.983120166428271158e+00
3.635682717168404299e+00 2.983710441059262752e+00
3.635654099535587935e+00 2.984344708999226992e+00
3.635628035369320887e+00 2.984927044029170418e+00
3.635599373979348847e+00 2.985561034019931892e+00
3.635569420907482030e+00 2.986193787303572655e+00
3.635540402507216662e+00 2.986763119731233651e+00
3.635511377147185197e+00 2.987403073052006253e+00
3.635485735702152610e+00 2.987975460820832208e+00
3.635456760585348057e+00 2.988613520407231938e+00
3.635405368990066499e+00 2.989211829561538636e+00
3.635379176501737142e+00 2.989803524174578175e+00
3.635351220798593630e+00 2.990429610619651957e+00
3.635325368990281802e+00 2.991013069876800046e+00
3.635297325278795899e+00 2.991640331224355354e+00
3.635270895459536522e+00 2.992234518103292107e+00
3.635238711545556001e+00 2.992847184604348065e+00
3.635211524951384998e+00 2.993457835791433208e+00
3.635189711652373479e+00 2.994019676444422462e+00
3.635161622542101068e+00 2.994646620817940086e+00
3.635136154343385773e+00 2.995219809412334566e+00
3.635104373000201949e+00 2.995839106923254391e+00
3.635075909882656831e+00 2.996473570489840643e+00
3.635049588793444197e+00 2.997032279629293416e+00
3.635022942671783941e+00 2.997608251401040036e+00
3.634994448458752636e+00 2.998241198935850171e+00
3.634969011766238989e+00 2.998812901656874974e+00
3.634941257281767424e+00 2.999430914077912735e+00
3.634916095690670979e+00 2.999996131445599179e+00
3.634890565412088659e+00 3.000568426743099870e+00
3.634861832126043080e+00 3.001204071110009863e+00
3.634834595600274110e+00 3.001809517707455299e+00
3.634794318289862769e+00 3.002375164391416273e+00
3.634767505770962082e+00 3.002978094097166650e+00
3.634742693112630985e+00 3.003539575642945270e+00
3.634715248974988100e+00 3.004153909336666928e+00
3.634688357553143678e+00 3.004756516513734432e+00
3.634663180037122299e+00 3.005323824326430859e+00
3.634635965004466396e+00 3.005931537951526344e+00
3.634604528636508736e+00 3.006525794300245469e+00
3.634580200372846459e+00 3.007076803840572854e+00
3.634552643680819539e+00 3.007691526478982524e+00
3.634527166824798261e+00 3.008263863541972061e+00
3.634501105597818249e+00 3.008848277291042095e+00
3.634473661438667680e+00 3.009458912060039015e+00
3.634449008469302633e+00 3.010014355733524827e+00
3.634422039758701484e+00 3.010615476007163505e+00
3.634397142471191167e+00 3.011173846338041749e+00
3.634370065949741768e+00 3.011776380194412628e+00
3.634345602974371037e+00 3.012325875233259342e+00
3.634318183528158386e+00 3.012934209860856694e+00
3.634293455683977214e+00 3.013488625621001393e+00
3.634265630323572083e+00 3.014103864083444329e+00
3.634239043195835794e+00 3.014679691519062565e+00
3.634212562725975371e+00 3.015267510332289014e+00
3.634187935540180270e+00 3.015819778723987543e+00
3.634161763812661317e+00 3.016399866549655417e+00
3.634135805947233067e+00 3.016975618845822105e+00
3.634109768192863132e+00 3.017552507881548607e+00
3.634065201144236479e+00 3.018143052706135698e+00
3.634041167061774491e+00 3.018683075509336788e+00
3.634010549147041136e+00 3.019287051351646767e+00
3.633984474138459930e+00 3.019867898810185913e+00
3.633959505060629258e+00 3.020426370479817546e+00
3.633927793141540352e+00 3.020998661065713353e+00
3.633899625272579037e+00 3.021554289497748513e+00
3.633875457719584645e+00 3.022143741087196744e+00
3.633846826007611330e+00 3.022729294984931148e+00
3.633824882801386824e+00 3.023272912583553129e+00
3.633797187918617499e+00 3.023839603346819338e+00
3.633773385748455098e+00 3.024418830507462630e+00
3.633746446517952755e+00 3.024970370719743062e+00
3.633722602923123102e+00 3.025548211948132060e+00
3.633695801190729213e+00 3.026097031586565844e+00
3.633670917471831352e+00 3.026694134164928496e+00
3.633642356757618153e+00 3.027246918140479526e+00
3.633618955411567431e+00 3.027812973918153183e+00
3.633588022628477798e+00 3.028364517118828925e+00
3.633563618237723336e+00 3.028951482637979975e+00
3.633537174411066051e+00 3.029495231005466582e+00
3.633513434327088731e+00 3.030066277117438034e+00
3.633484978969252488e+00 3.030650108730010395e+00
3.633463567822064366e+00 3.031175495724612201e+00
3.633434636186980704e+00 3.031751485843663829e+00
3.633412461211656286e+00 3.032290315794794466e+00
3.633384646083798408e+00 3.032861469188261605e+00
3.633360907745476265e+00 3.033429886924603025e+00
3.633334696262437991e+00 3.033969723522710105e+00
3.633310571830595581e+00 3.034544663723142133e+00
3.633283923360695056e+00 3.035093242658589041e+00
3.633261405503387831e+00 3.035634331481850801e+00
3.633232814888892381e+00 3.036220620629883626e+00
3.633175020551242085e+00 3.036750958620979990e+00
3.633147917464516485e+00 3.037321735785094567e+00
3.633124869782397681e+00 3.037884106990296651e+00
3.633102914977329512e+00 3.038416476700201319e+00
3.633078104532305730e+00 3.038988062230644438e+00
3.633052480686071117e+00 3.039527452179787037e+00
3.633029682227587376e+00 3.040080890193494145e+00
3.633003052420387124e+00 3.040639260935050991e+00
3.632980575675536006e+00 3.041185163357540855e+00
3.632954629585045669e+00 3.041729760305643904e+00
3.632931806343799863e+00 3.042281335917287333e+00
3.632906569125967433e+00 3.042811802996651771e+00
3.632879295141630216e+00 3.043365602902397438e+00
3.632852345603220012e+00 3.043931660984006804e+00
3.632830708803877151e+00 3.044458257111894994e+00
3.632803550489203115e+00 3.045028803772546588e+00
3.632780453478365867e+00 3.045583986499508899e+00
3.632754858952462751e+00 3.046123190879237885e+00
3.632732800168148035e+00 3.046639201496819993e+00
3.632705875167210774e+00 3.047203834731667449e+00
3.632684360690335179e+00 3.047723788315233051e+00
3.632657774086805347e+00 3.048281373440037800e+00
3.632635671181252413e+00 3.048811621355665746e+00
3.632609912678930186e+00 3.049352005440587376e+00
3.632578046547616069e+00 3.049911855930631077e+00
3.632553645701242839e+00 3.050425952479715708e+00
3.632526496549419281e+00 3.050982709704385343e+00
3.632502076223297571e+00 3.051500146853629136e+00
3.632478593632786801e+00 3.052058180097162676e+00
3.632450525259379948e+00 3.052603039457706835e+00
3.632427974390652015e+00 3.053141172447130902e+00
3.632401799681961307e+00 3.053669943118193508e+00
3.632378512454238706e+00 3.054221292863185333e+00
3.632356742550695738e+00 3.054731916491054466e+00
3.632333993083761037e+00 3.055271382733841801e+00
3.632307490631016655e+00 3.055828008235730309e+00
3.632286448198031703e+00 3.056331765406232748e+00
3.632260355980051703e+00 3.056880414419463676e+00
3.632237092513646903e+00 3.057426022311069858e+00
3.632208354352885138e+00 3.057929660558396101e+00
3.632185097167575538e+00 3.058476528952355888e+00
3.632160798049802075e+00 3.058991045949238874e+00
3.632137188215967871e+00 3.059544529509577782e+00
3.632113945889667406e+00 3.060038060169460561e+00
3.632089726641589689e+00 3.060602079998953950e+00
3.632065842434702319e+00 3.061108634700262510e+00
3.632042298423570070e+00 3.061642440758840067e+00
3.632016932442590829e+00 3.062177427657141404e+00
3.631994336531484624e+00 3.062707308496536385e+00
3.631970337736319276e+00 3.063215189669351357e+00
3.631946778606725434e+00 3.063763477223738096e+00
3.631921758771121223e+00 3.064291540735833319e+00
3.631899548148491697e+00 3.064812869215104651e+00
3.631874995087815527e+00 3.065331477296334040e+00
3.631849849319441770e+00 3.065843202486546737e+00
3.631824958031739214e+00 3.066369497776859188e+00
3.631802344504112323e+00 3.066897834902636788e+00
3.631777958252965455e+00 3.067413975803349402e+00
3.631755084207533013e+00 3.067946689948382932e+00
3.631701463913448613e+00 3.068445777968615396e+00
3.631678774361303486e+00 3.068983317407210532e+00
3.631655479036954848e+00 3.069486841815150413e+00
3.631631585013813446e+00 3.070023606124125060e+00
3.631607524300918932e+00 3.070540965926622068e+00
3.631586568909335622e+00 3.071041998686389274e+00
3.631561639891605520e+00 3.071576444184808796e+00
3.631538335732686029e+00 3.072122409683421651e+00
3.631511575894411425e+00 3.072627446345556734e+00
3.631490172947274164e+00 3.073135004863581710e+00
3.631466614301027906e+00 3.073642612428027832e+00
3.631443724940893958e+00 3.074179170340070932e+00
3.631421086019954725e+00 3.074667782844676456e+00
3.631397990276372667e+00 3.075206801573886484e+00
3.631374498220233615e+00 3.075712339792088024e+00
3.631352564887504464e+00 3.076227670717065710e+00
3.631331462104219199e+00 3.076750051786997897e+00
3.631309504928418974e+00 3.077265797539987524e+00
3.631286887800253549e+00 3.077736654494105828e+00
3.631263804996938571e+00 3.078271758024131888e+00
3.631239800231663484e+00 3.078786150522075271e+00
3.631218382013234436e+00 3.079288162526153894e+00
3.631185008974669781e+00 3.079808740795654920e+00
3.631163824055832379e+00 3.080308369813093083e+00
3.631139632132571293e+00 3.080828884694193359e+00
3.631113872531404496e+00 3.081334619436752131e+00
3.631091185330489246e+00 3.081826042828807566e+00
3.631075325814070887e+00 3.082187598052706701e+00
