3.674164181744095536e+00 2.360290868308721368e+00
3.673500383465966745e+00 2.357412439040029284e+00
3.671843529851246402e+00 2.350215009481277484e+00
3.668794354620652065e+00 2.336917366397620821e+00
3.664479204843430704e+00 2.317922924104058424e+00
3.659801846067393782e+00 2.297030406315575757e+00
3.656129915566744160e+00 2.280175919294244569e+00
3.654021353172413722e+00 2.270027046078576749e+00
3.653165800991405199e+00 2.265526059568808037e+00
3.652939095359655219e+00 2.264050202478844476e+00
3.652903125963817832e+00 2.263596480437162661e+00
3.652907746642960252e+00 2.263303366935556671e+00
3.652930266657042235e+00 2.262732035644718032e+00
3.652986555385940193e+00 2.261324447272371252e+00
3.653124920906266837e+00 2.257854784782562518e+00
3.653459438459405906e+00 2.249416778152883101e+00
3.654181347096132182e+00 2.231070162128302226e+00
3.655091455706662273e+00 2.209021640533166408e+00
3.655943584616525577e+00 2.186592644436980315e+00
3.656862928771909882e+00 2.164472795324364984e+00
3.657697028089527347e+00 2.142058464979296417e+00
3.658579516575820811e+00 2.119871701795729813e+00
3.659425375113750878e+00 2.097579785073096392e+00
3.660329433254869702e+00 2.075556382243453957e+00
3.661139771700538059e+00 2.053200990567232154e+00
3.661969194122012716e+00 2.030977993476968280e+00
3.662826726233635810e+00 2.008904903123763130e+00
3.663618800087930172e+00 1.986581918181925976e+00
3.664403991045702913e+00 1.964311099321189857e+00
3.665220029640631427e+00 1.942191998926111385e+00
3.666037957442510820e+00 1.920120797886295749e+00
3.666781916750392778e+00 1.897816680094625230e+00
3.667575202049298433e+00 1.875736345601275668e+00
3.668383411549488216e+00 1.853776468330434746e+00
3.669132936498634034e+00 1.831565739865491427e+00
3.669865237784004641e+00 1.809362749159949990e+00
3.670619174681904795e+00 1.787298397929922400e+00
3.671324719387867308e+00 1.765080343937504903e+00
3.672070733205486714e+00 1.743071025454648204e+00
3.672774893447522615e+00 1.720946767751702744e+00
3.673437390419187043e+00 1.698711232731051402e+00
3.674141067041571951e+00 1.676680966596564071e+00
3.674851165312510215e+00 1.654726580525798019e+00
3.675520276029044631e+00 1.632622555589004820e+00
3.676206503711712426e+00 1.610641275476470957e+00
3.676857083969717443e+00 1.588539006618199689e+00
3.677469912134195162e+00 1.566352648327878905e+00
3.678103876184774190e+00 1.544290938784027345e+00
3.678756260921875576e+00 1.522355205863124450e+00
3.679341046111041180e+00 1.500181480254150879e+00
3.679986509699899599e+00 1.478296781585382025e+00
3.680551759932663813e+00 1.456116751542146703e+00
3.681171363281396935e+00 1.434206069961500019e+00
3.681734880873026583e+00 1.412102074559678622e+00
3.682269418735392819e+00 1.389947715309086451e+00
3.682810141057100140e+00 1.367866069997318412e+00
3.683379615476029656e+00 1.345911646093786773e+00
3.683919889413723059e+00 1.323888218636448011e+00
3.684415685082292669e+00 1.301722149096023795e+00
3.684931204211933320e+00 1.279693820798930792e+00
3.685428580212034788e+00 1.257622022208579438e+00
3.685875520768214564e+00 1.235403798784806106e+00
3.686358153228789902e+00 1.213370834504831075e+00
3.686808727098142668e+00 1.191247566783475209e+00
3.687235009099495198e+00 1.169079638720930348e+00
3.687734841527533725e+00 1.147208874477087415e+00
3.688133668372286511e+00 1.124981604629168963e+00
3.688541065400854357e+00 1.102847334504580834e+00
3.688909453309979103e+00 1.080596428399074549e+00
3.689307116378610196e+00 1.058503367366046000e+00
3.689648778726754230e+00 1.036241953414712036e+00
3.690034262115487795e+00 1.014176795041704215e+00
3.690341897016341743e+00 9.918372478885162380e-01
3.690688078060751831e+00 9.696937781641193910e-01
3.690992415223051104e+00 9.474250817215467135e-01
3.691297248404659115e+00 9.252122766384139885e-01
3.691550760858163471e+00 9.028254397049209068e-01
3.691784104492409124e+00 8.804163929153222545e-01
3.692056085051329539e+00 8.581940408701864698e-01
3.692261978437455738e+00 8.357649787693685051e-01
3.692510530305205485e+00 8.135394901189059169e-01
3.692689167974272824e+00 7.910555203070583907e-01
3.692841778533017205e+00 7.685268530985690516e-01
3.693043693483590850e+00 7.462386036110837395e-01
3.693171943292249626e+00 7.236816119710880457e-01
3.693270870913277548e+00 7.010660239962006601e-01
3.693386769863384433e+00 6.785566343182477533e-01
3.693463102407243515e+00 6.559340053486661937e-01
3.693504360655864627e+00 6.332080855460332502e-01
3.693561862288360143e+00 6.105809651984821507e-01
3.693614337466816888e+00 5.879783558588368431e-01
3.693599587952220098e+00 5.651384147078032383e-01
3.693559809634476387e+00 5.422599994131279688e-01
3.693554293067766281e+00 5.195558062280963840e-01
3.693491464248612743e+00 4.966619014784255381e-01
3.693416383316535434e+00 4.737597795779691645e-01
3.693329894728056395e+00 4.508505496019691305e-01
3.693188458596268209e+00 4.277543590156774322e-01
3.693022771431897944e+00 4.046154191759390728e-01
3.692882528732578162e+00 3.816230076436445406e-01
3.692678634296553408e+00 3.584158313368255300e-01
3.692493939679078796e+00 3.353499288307157933e-01
3.692251861719412442e+00 3.120975603762615735e-01
3.691991384096645401e+00 2.888495715170633638e-01
3.691736230970235955e+00 2.657052307571967087e-01
3.691447302712833167e+00 2.425049391020356049e-01
3.691143972674259199e+00 2.193442387308719987e-01
3.690823648270026069e+00 1.962128923826697846e-01
3.690579309994840518e+00 1.734988487116427835e-01
3.690274379956814510e+00 1.506370605790282868e-01
3.689975702238090793e+00 1.279413663121450606e-01
3.689693541867714366e+00 1.054608464431708859e-01
3.689424581022606731e+00 8.319054576345123742e-02
3.689178597595205389e+00 6.119137528698794654e-02
3.688947517761958395e+00 3.945162565479665845e-02
3.688771281794237744e+00 1.813394741864833223e-02
3.688682729535318394e+00 -2.614608214435281200e-03
3.688646885318795920e+00 -2.289759022304418273e-02
3.688727947504258697e+00 -4.243095894390336298e-02
3.688882333018910664e+00 -6.135232113124413494e-02
3.689164534510373628e+00 -7.939102314778354041e-02
3.689599162767329243e+00 -9.640279676149179910e-02
3.690234086379565071e+00 -1.121474163806304852e-01
3.691072415792543637e+00 -1.265606638580898669e-01
3.692172084475698224e+00 -1.393195456007549626e-01
3.693586031569935368e+00 -1.501189620881550335e-01
3.695389137950396918e+00 -1.585389513553107088e-01
3.697574491662947160e+00 -1.644657168629574395e-01
3.700267297602350514e+00 -1.672194011202332298e-01
3.703540705353029150e+00 -1.663373789794493351e-01
3.707418160663168205e+00 -1.615995048107365384e-01
3.711896485712780080e+00 -1.529037807879468636e-01
3.716883598265998234e+00 -1.405545405805784243e-01
3.722108234874478949e+00 -1.258626041865713585e-01
3.727428767820682776e+00 -1.098443008432386514e-01
3.732698529852707114e+00 -9.360532263016443921e-02
3.737880970768046929e+00 -7.776805640213144133e-02
3.742935180422196417e+00 -6.291944858230442972e-02
3.747813907218078722e+00 -4.940629812667390180e-02
3.752562199529498876e+00 -3.727249048188957525e-02
3.757141564729213012e+00 -2.663711521719487954e-02
3.761591180376883781e+00 -1.740692636614615471e-02
3.765902295136670297e+00 -9.572779002917343460e-03
3.770078527123458922e+00 -3.046194360155548946e-03
3.774131117294659887e+00 2.252877061558246265e-03
3.778037636854665315e+00 6.282557985555011111e-03
3.781828457486518857e+00 9.101278151192195021e-03
3.785488942297793979e+00 1.058755550245065596e-02
3.788999143599395492e+00 1.050416786870806383e-02
3.792299940246642187e+00 8.349650966625104739e-03
3.795278124141320930e+00 3.201184171528541084e-03
3.797693199783215512e+00 -6.443277213554778754e-03
3.799267391535135374e+00 -2.290898282678172776e-02
3.799517202040088915e+00 -4.940626679470992016e-02
3.797911473351002432e+00 -8.771987715797521790e-02
3.794952638713435800e+00 -1.290005104363246002e-01
3.791475184624436334e+00 -1.658278124656830388e-01
3.788979258642046766e+00 -1.852259457548925403e-01
3.788481939299862322e+00 -1.822361803531460378e-01
3.787968297334200152e+00 -1.782322245337214783e-01
3.787828885578008897e+00 -1.739195317683011610e-01
3.788098898981390406e+00 -1.681162268189750619e-01
3.789077767900337346e+00 -1.573869591985182781e-01
3.791649235850834909e+00 -1.331404624768200706e-01
3.795736418662561285e+00 -9.460745825071074921e-02
3.799714284133429487e+00 -5.523697345196064423e-02
3.803391082525600986e+00 -1.651168237368177277e-02
3.806764635326128410e+00 2.174141571735939069e-02
3.809867696223673050e+00 5.959877232543027425e-02
3.812743328974580681e+00 9.711756631181669985e-02
3.815423190148016008e+00 1.342606945318203793e-01
3.817920993869317936e+00 1.709645994121019030e-01
3.820216804457261084e+00 2.071367067814363638e-01
3.822290400888163298e+00 2.426598001587888798e-01
3.824121030199870930e+00 2.777606279061332617e-01
3.825672236471393983e+00 3.122667241459287646e-01
3.826892514911294896e+00 3.461950094468101979e-01
3.827723025397497647e+00 3.797165417931567810e-01
3.828064736289726433e+00 4.135621054470847713e-01
3.827787176884230647e+00 4.434851735545372042e-01
3.827454522507728996e+00 4.562961611870195444e-01
3.827153207951858871e+00 4.647050411484710541e-01
3.826828196979109808e+00 4.724414484282138393e-01
3.826471833933607236e+00 4.797116331305248949e-01
3.826088039505016969e+00 4.865538348545034308e-01
3.825678296374954712e+00 4.929996869230677259e-01
3.825255838128633901e+00 4.990678636066964158e-01
3.824815706554296035e+00 5.047980794353668088e-01
3.824362661298104094e+00 5.102070224760042461e-01
3.823905347202433358e+00 5.153203506199075523e-01
3.823178917495527518e+00 5.227833387670516307e-01
3.821334072646929148e+00 5.393237216026687264e-01
3.818849000704646279e+00 5.575163915050201924e-01
3.816162729400653042e+00 5.739297749736600451e-01
3.813329902406505489e+00 5.887261995308737950e-01
3.810405105105896251e+00 6.021346883369279590e-01
3.807399927792951555e+00 6.143844078679763232e-01
3.804365222951413106e+00 6.256313640565265288e-01
3.801301197708344404e+00 6.360318630655699135e-01
3.798224400397608225e+00 6.456946641091535488e-01
3.795153192576593337e+00 6.546853077250675002e-01
3.792079412339153688e+00 6.631152979218815080e-01
3.789019054415901699e+00 6.710357086769698221e-01
3.785989644062495607e+00 6.784844760722331669e-01
3.782966415878819877e+00 6.855397581461082357e-01
3.779962821690854291e+00 6.922242581159087083e-01
3.776968023306010558e+00 6.985626745078794553e-01
3.774019758425628979e+00 7.045699431235954435e-01
3.771085385291103265e+00 7.102619146786929294e-01
3.768182754642104726e+00 7.156855946580253924e-01
3.767030409898032506e+00 7.177737794427002660e-01
3.765319185372528743e+00 7.208252448294962811e-01
3.762482578274838119e+00 7.257068534111239533e-01
3.759699061019253108e+00 7.303660699906443510e-01
3.756944048665662450e+00 7.348191597947025810e-01
3.754247594762941898e+00 7.391211228892454743e-01
3.751591548884100735e+00 7.433039899692933661e-01
3.749012109061403031e+00 7.474270196739866146e-01
3.746484890533664736e+00 7.515710444498706622e-01
3.744036814133230973e+00 7.558250990020344284e-01
3.741672204201110130e+00 7.602812692925757787e-01
3.739393262903776716e+00 7.650283342496648764e-01
3.737185673733875557e+00 7.701716103253504198e-01
3.735104387536164694e+00 7.758319544902843035e-01
3.733116799570176614e+00 7.820841800484136241e-01
3.731233262698267605e+00 7.890256658646799259e-01
3.729440971024161833e+00 7.966873523703852378e-01
3.727772368754885157e+00 8.051587162807231079e-01
3.726192432756689321e+00 8.144325531638473281e-01
3.724718795882435707e+00 8.245269416922123007e-01
3.723344049872761907e+00 8.354666566628842217e-01
3.722044474785968671e+00 8.471722546364405249e-01
3.720841382388178076e+00 8.596047811899546476e-01
3.719712743039106595e+00 8.726533910491124368e-01
3.718674187335979653e+00 8.863157469796777432e-01
3.717681522960833984e+00 9.004885607106655199e-01
3.716760657764793585e+00 9.151144321373992918e-01
3.715894574245685256e+00 9.300799373871654341e-01
3.715109130503020829e+00 9.448613809442020228e-01
3.714382227093677269e+00 9.592318036309318563e-01
3.713701132884949185e+00 9.733142629329425422e-01
3.713084541768107982e+00 9.870416722241841523e-01
3.712517037035825140e+00 1.000416729484874256e+00
3.711970823138986741e+00 1.013480609702560153e+00
3.711466467775828892e+00 1.026251754897454127e+00
3.710976476355142495e+00 1.038748206324231260e+00
3.710501336438406295e+00 1.050962516696877680e+00
3.710070144976061801e+00 1.062909378193724663e+00
3.709628197032938335e+00 1.074591707741066715e+00
3.709230710691927779e+00 1.086058002538265788e+00
3.708840978571735114e+00 1.097262803717168778e+00
3.708462660535805533e+00 1.108299821482006120e+00
3.708087926800035294e+00 1.119115863955790990e+00
3.707726137760907203e+00 1.129732279249624938e+00
3.707382366850481059e+00 1.140161559963213334e+00
3.707022143306994977e+00 1.150408805063775297e+00
3.706695780165492948e+00 1.160485110539802855e+00
3.706371475567737050e+00 1.170382350037100672e+00
3.706063603391665406e+00 1.180118540958305484e+00
3.705756839934407854e+00 1.189707674681548255e+00
3.705438612996866166e+00 1.199083094550449369e+00
3.705136886527548690e+00 1.208379743040649990e+00
3.704859881250363252e+00 1.217481713767581963e+00
3.704571428767313712e+00 1.226526336232431014e+00
3.704284200384893921e+00 1.235427485847465423e+00
3.704007821830571423e+00 1.244184903838588596e+00
3.703729889442527234e+00 1.252807707658870617e+00
3.703453222754130358e+00 1.261318142495136740e+00
3.703192575904721728e+00 1.269691470515618814e+00
3.702928130153720687e+00 1.278002496406152488e+00
3.702664957702764159e+00 1.286165580625210580e+00
3.702413814592054209e+00 1.294235294404853853e+00
3.702165457849907693e+00 1.302199185742585641e+00
3.701906200274419856e+00 1.310061361905115795e+00
3.701642373485124704e+00 1.317876220474497151e+00
3.701402658224420161e+00 1.325551147671875096e+00
3.701151133610594446e+00 1.333155752162698660e+00
3.700916557592587974e+00 1.340663622392449295e+00
3.700688233296897334e+00 1.348038970571699746e+00
3.700461958974564425e+00 1.355369577569652151e+00
3.700229590350801789e+00 1.362691403888556918e+00
3.700001857651416870e+00 1.369823195355353240e+00
3.699774261819823717e+00 1.376950816912477782e+00
3.699544195610434461e+00 1.383941389976385494e+00
3.699311501404461744e+00 1.390925584434961504e+00
3.699089873637121606e+00 1.397818345530607242e+00
3.698873007330820695e+00 1.404568386193588259e+00
3.698655902132670370e+00 1.411351377151535136e+00
3.698449438221542263e+00 1.417989494588159483e+00
3.698223593771928996e+00 1.424602257008083406e+00
3.698012834762312906e+00 1.431181301454120813e+00
3.697812942278569270e+00 1.437601564262135145e+00
3.697596095046584708e+00 1.444044187737356877e+00
3.697390824516647800e+00 1.450412062782254541e+00
3.697182259618344347e+00 1.456671060618690117e+00
3.696972250562493567e+00 1.462957148549104414e+00
3.696756376658876242e+00 1.469688796750166171e+00
3.696556040696357126e+00 1.475850576257943914e+00
3.696352717819407996e+00 1.481885025041389747e+00
3.696164394787725627e+00 1.487848357819863354e+00
3.695962132927431476e+00 1.493847098966798459e+00
3.695759337702646530e+00 1.499763914688114985e+00
3.695566654716551103e+00 1.505622698879693466e+00
3.695379079931238930e+00 1.511390568747968954e+00
3.695186106459896092e+00 1.517170790338339570e+00
3.694986144691949637e+00 1.522907001579724584e+00
3.694799178208958423e+00 1.528589131236762766e+00
3.694599180277583272e+00 1.534232986387517705e+00
3.694404368535497252e+00 1.539839914432920676e+00
3.694220855143220739e+00 1.545369789395732996e+00
3.694046990247537465e+00 1.550787869625242843e+00
3.693861951119569831e+00 1.556235613342453528e+00
3.693672645381023578e+00 1.561632660179360643e+00
3.693492580950739068e+00 1.567009224368381304e+00
3.693314330770966603e+00 1.572328460906284198e+00
3.693110105395409626e+00 1.578153803915982589e+00
3.692924910268625460e+00 1.583372918161629395e+00
3.692752677849981513e+00 1.588524841533178744e+00
3.692578908723183506e+00 1.593693489018071840e+00
3.692399569671548587e+00 1.598766092111504999e+00
3.692222253732257542e+00 1.603846884240564874e+00
3.692052639865775809e+00 1.608893716358240855e+00
3.691882928628700711e+00 1.613920442922537113e+00
3.691714703101772521e+00 1.618889230892363695e+00
3.691535874246973936e+00 1.623839125747517320e+00
3.691369850450705314e+00 1.628752837769323669e+00
3.691204808591182829e+00 1.633621319955544271e+00
3.691045978173909781e+00 1.638401557242533890e+00
3.690881562124353810e+00 1.643224041845374517e+00
3.690715098506901715e+00 1.647987192966961612e+00
3.690528926702365986e+00 1.652732730600746214e+00
3.690369746338555412e+00 1.657441553987074156e+00
3.690211326297123229e+00 1.662111760729395593e+00
3.690031085491921381e+00 1.667223033454003467e+00
3.689874930276412446e+00 1.671820927061187456e+00
3.689718626788341727e+00 1.676347816420390435e+00
3.689555309569240826e+00 1.680893472614074513e+00
3.689385407215771462e+00 1.685804728629957117e+00
3.689218105535511327e+00 1.690351378432254581e+00
3.689065299356288907e+00 1.694764647424056525e+00
3.688913227979336629e+00 1.699166882817891855e+00
3.688759721498287458e+00 1.703590359484277394e+00
3.688595199839321825e+00 1.707977322349971683e+00
3.688444199521331512e+00 1.712338939918975234e+00
3.688293820384333177e+00 1.716667892392898853e+00
3.688135184153217061e+00 1.720967771546592529e+00
3.687975445718839840e+00 1.725231691849696603e+00
3.687823859400789495e+00 1.729479544504010979e+00
3.687677750601015436e+00 1.733687350935874560e+00
3.687531181796368962e+00 1.737886023058051066e+00
3.687385993276525831e+00 1.742041825919508513e+00
3.687235927590138740e+00 1.746190655135023029e+00
3.687085592502957088e+00 1.750438644034576718e+00
3.686920844253271490e+00 1.754838845446316853e+00
3.686776922664297018e+00 1.758805853673965247e+00
3.686633783157712063e+00 1.762813222717743544e+00
3.686490250860291251e+00 1.766837916375988193e+00
3.686320248475639438e+00 1.771269326536385691e+00
3.686177004031362614e+00 1.775149318384855901e+00
3.686018694352235059e+00 1.779497894000817260e+00
3.685874361730409277e+00 1.783363451926984755e+00
3.685718096894178064e+00 1.787647656585644729e+00
3.685582413361455867e+00 1.791447428786933305e+00
3.685412858550494608e+00 1.795697576494551750e+00
3.685278615926803170e+00 1.799467990471906198e+00
3.685144349863437974e+00 1.803248643099048198e+00
3.685003907005254487e+00 1.807174519406663737e+00
3.684856810176400543e+00 1.811210995702029036e+00
3.684725361430657653e+00 1.814887532758660660e+00
3.684590126212051509e+00 1.818594799497827763e+00
3.684441474187901910e+00 1.822718771284916439e+00
3.684299393593248428e+00 1.826337250736688622e+00
3.684168417951334984e+00 1.829976365566973184e+00
3.684036428594045010e+00 1.833634062073719706e+00
3.683904862222063592e+00 1.837274454141445190e+00
3.683773737327516784e+00 1.840898298530574850e+00
3.683616150702909930e+00 1.844784995760122559e+00
3.683480598695514807e+00 1.848409468542097756e+00
3.683355509730243948e+00 1.851911095812216690e+00
3.683215369948995566e+00 1.855801830550483089e+00
3.683091430325952320e+00 1.859251951503581912e+00
3.682956068168952157e+00 1.862728816108743191e+00
3.682816824041392323e+00 1.866576109823483209e+00
3.682694760183134353e+00 1.869964075260064362e+00
3.682570852557625507e+00 1.873384733550495396e+00
3.682446173279007251e+00 1.876814985550018244e+00
3.682303165346169749e+00 1.880236344528212422e+00
3.682177105486778235e+00 1.883636213148518923e+00
3.682055468335638349e+00 1.887005280920941663e+00
3.681920635999896607e+00 1.890639980128047792e+00
3.681797546234350627e+00 1.894027922385803642e+00
3.681658565439375863e+00 1.897275115311774840e+00
3.681539591884492424e+00 1.900573152420407474e+00
3.681419050376489199e+00 1.903874291771010530e+00
3.681299876517629688e+00 1.907155084353553187e+00
3.681180337930277435e+00 1.910433706770581663e+00
3.681062376306736716e+00 1.913666826671694299e+00
3.680933454859640630e+00 1.917173650765308990e+00
3.680808649886262884e+00 1.920431362909978956e+00
3.680694269467600144e+00 1.923564802282953012e+00
3.680550972355135286e+00 1.927016105445921390e+00
3.680432480542398466e+00 1.930212158088240759e+00
3.680318696012377711e+00 1.933324987968962017e+00
3.680202398432613098e+00 1.936442913847205460e+00
3.680087196014028450e+00 1.939591916872980493e+00
3.679965844910952466e+00 1.942700446277237036e+00
3.679837145429207368e+00 1.946146826141567532e+00
3.679726302196860921e+00 1.949136158099784355e+00
3.679601311242197248e+00 1.952176668032910900e+00
3.679474875155600344e+00 1.955561067452285196e+00
3.679357078418528992e+00 1.958529743460081241e+00
3.679244912284886482e+00 1.961545171724484726e+00
3.679121990420357147e+00 1.964801477586264999e+00
3.679008713683757481e+00 1.967839875054796073e+00
3.678897358975487197e+00 1.970780542236669319e+00
3.678786549946922779e+00 1.973737257822449020e+00
3.678675669632642364e+00 1.976689679102030084e+00
3.678540228158571068e+00 1.979643578869421106e+00
3.678418129263961056e+00 1.982905416862146497e+00
3.678312634923077695e+00 1.985743036123499783e+00
3.678204543885488675e+00 1.988629827632899083e+00
3.678080615308628065e+00 1.991813268734683229e+00
3.677972342851529852e+00 1.994700381938641076e+00
3.677856757413834554e+00 1.997729881952658992e+00
3.677739854980832224e+00 2.000518456301084935e+00
3.677621994907258163e+00 2.003643037907547164e+00
3.677516817852661379e+00 2.006423495156478776e+00
3.677396930957788079e+00 2.009513850967382442e+00
3.677293520858350373e+00 2.012253173778206339e+00
3.677177885155664239e+00 2.015292706806682599e+00
3.677075971930900966e+00 2.017997869599155614e+00
3.676960155583376633e+00 2.021019500423657966e+00
3.676853394108878348e+00 2.023717793079625515e+00
3.676743016014319299e+00 2.026439152771822183e+00
3.676639732882237777e+00 2.029149460579251496e+00
3.676507042623049060e+00 2.032122065398161759e+00
3.676405973246768433e+00 2.034795720931426466e+00
3.676297804368434452e+00 2.037440776262924302e+00
3.676195986109504599e+00 2.040121911508579355e+00
3.676094481714522022e+00 2.042786143797057807e+00
3.675980567891199424e+00 2.045700414532745093e+00
3.675880997686419960e+00 2.048312908866108728e+00
3.675771775419133913e+00 2.051151049130114590e+00
3.675673249068419857e+00 2.053723542965354198e+00
3.675570619754377155e+00 2.056386171053766976e+00
3.675464516923769853e+00 2.059134903800364125e+00
3.675367196819598448e+00 2.061660167534257848e+00
3.675260933925184048e+00 2.064220326782035819e+00
3.675142309445794897e+00 2.067074167895217141e+00
3.675048123325782345e+00 2.069533286978402220e+00
3.674937950341261583e+00 2.072323937804367411e+00
3.674842847529120604e+00 2.074801825432206925e+00
3.674739347858344107e+00 2.077476433659421584e+00
3.674642423907590327e+00 2.079991366736097635e+00
3.674537842577290103e+00 2.082687627474638870e+00
3.674440883217650722e+00 2.085107258021404064e+00
3.674339744538562602e+00 2.087538869052115942e+00
3.674245477043000641e+00 2.089986782586735092e+00
3.674151369760612962e+00 2.092428865525872261e+00
3.674057077193736198e+00 2.094870066937518427e+00
3.673955509381175322e+00 2.097282285977485117e+00
3.673862749223671287e+00 2.099691868829394181e+00
3.673760036396806150e+00 2.102341288248651185e+00
3.673663371922404330e+00 2.104673392035065316e+00
3.673564325879812742e+00 2.107235122160793672e+00
3.673475235330455835e+00 2.109540812407860511e+00
3.673373058663274016e+00 2.112076083087925049e+00
3.673281565513665470e+00 2.114355925921962864e+00
3.673193118905640819e+00 2.116637721983774867e+00
3.673102390262945605e+00 2.118936197489601714e+00
3.673003650252384844e+00 2.121457013278516879e+00
3.672899106295341554e+00 2.123666549224247913e+00
3.672813060519998452e+00 2.125894342747350230e+00
3.672716180159931287e+00 2.128380336830705932e+00
3.672632299619267737e+00 2.130544566735768086e+00
3.672537045661949495e+00 2.132975736048232651e+00
3.672446198832468589e+00 2.135103229682167925e+00
3.672362882447864241e+00 2.137241818344679078e+00
3.672266100982497505e+00 2.139610595379097369e+00
3.672172474018047250e+00 2.141751402375717817e+00
3.672082389313217288e+00 2.144065339762847966e+00
3.672003088097752777e+00 2.146116647284932011e+00
3.671923412067259918e+00 2.148172496926803454e+00
3.671837817180576558e+00 2.150474502271229049e+00
3.671761371696942167e+00 2.152454449471222553e+00
3.671683394934218470e+00 2.154464954740488825e+00
3.671605111096130525e+00 2.156479074271444585e+00
3.671525214340078058e+00 2.158532870961250794e+00
3.671420234954149819e+00 2.160614195270571969e+00
3.671348797780281004e+00 2.162494861849607375e+00
3.671267765133833016e+00 2.164606885752942134e+00
3.671198312114662965e+00 2.166433719486053011e+00
3.671119205300614308e+00 2.168487916265932736e+00
3.671051414176838001e+00 2.170268567241717239e+00
3.670974879115897593e+00 2.172255608114346259e+00
3.670906317548326747e+00 2.173963611033193022e+00
3.670841638750544700e+00 2.175661580534114403e+00
3.670768131860595140e+00 2.177547646540578086e+00
3.670705965276840566e+00 2.179182084298459721e+00
3.670637680973375616e+00 2.180963730967889092e+00
3.670580478609258623e+00 2.182478775365490620e+00
3.670515126885507851e+00 2.184189332213832380e+00
3.670455412176975685e+00 2.185693958873788922e+00
3.670397192453737301e+00 2.187237315407192906e+00
3.670341176132506433e+00 2.188729878895451453e+00
3.670277824831429836e+00 2.190015260628570992e+00
3.670225348269383847e+00 2.191439930976720962e+00
3.670182727109673415e+00 2.192628181549907129e+00
3.670145927188401380e+00 2.193912019277942438e+00
3.670103224893972449e+00 2.195108465453027957e+00
3.670058858179355621e+00 2.196114150465646730e+00
3.670021864963871838e+00 2.197120988219189552e+00
3.669988499579853070e+00 2.198102005686000560e+00
3.669962345629556921e+00 2.198911349145955541e+00
3.669935750338330749e+00 2.199733698730612197e+00
3.669912289821388285e+00 2.200490669519505005e+00
3.669892037290673148e+00 2.201091677381097345e+00
3.669877492252810569e+00 2.201644927679514918e+00
3.669870289061258006e+00 2.202030413162691325e+00
3.669864959652841652e+00 2.202374326670764049e+00
3.669865878259812586e+00 2.202576860806652714e+00
3.669869947222872408e+00 2.202713930710744616e+00
3.669879715315897073e+00 2.202717478080803204e+00
3.669895333946294524e+00 2.202592750735619109e+00
3.669913912366668196e+00 2.202403630551750258e+00
3.669938043196231625e+00 2.202085690252833849e+00
3.669967099025319257e+00 2.201660105871134032e+00
3.669998599846180376e+00 2.201182834641187913e+00
3.670036724674110129e+00 2.200550857372499891e+00
3.670074004489560782e+00 2.199944588794083167e+00
3.670115796681573173e+00 2.199231405488279556e+00
3.670155331573802915e+00 2.198576658902971825e+00
3.670194600331155854e+00 2.197922418430779956e+00
3.670227488817372041e+00 2.197418077408714865e+00
3.670248293550443019e+00 2.197186562155497569e+00
3.670237446135492299e+00 2.197664873060091839e+00
3.670158386913217718e+00 2.199682884254974713e+00
3.670021451600823159e+00 2.202996812496129220e+00
3.669883736834832710e+00 2.205757011798816780e+00
3.669791402748656672e+00 2.208087507933741200e+00
3.669697705738903970e+00 2.210453446105663744e+00
3.669611715626332593e+00 2.212629291790928487e+00
3.669518568143804060e+00 2.214846394104364791e+00
3.669420767629842928e+00 2.217300232055404940e+00
3.669334752997139404e+00 2.219461610204835456e+00
3.669249047705002820e+00 2.221615790028680149e+00
3.669162609271482189e+00 2.223781708855733896e+00
3.669066988474318336e+00 2.226159979445007764e+00
3.668976814207160597e+00 2.228259786271988840e+00
3.668883498554723399e+00 2.230575658770001191e+00
3.668791648701139607e+00 2.232648389833114866e+00
3.668700828706853656e+00 2.234901979957029550e+00
3.668647338239182432e+00 2.236231428312120073e+00
