3.671470142349633203e+00 2.218275862423512823e+00
3.670845577051507824e+00 2.215571838448108011e+00
3.669305633585877136e+00 2.208889875328957864e+00
3.666499585331539190e+00 2.196662894017435974e+00
3.662529683071845898e+00 2.179206700143077491e+00
3.658303135238153203e+00 2.160340339723169301e+00
3.655034650033923693e+00 2.145354331664805603e+00
3.653199788248499669e+00 2.136544224919902035e+00
3.652480662872324313e+00 2.132777767486572440e+00
3.652295936761675410e+00 2.131585564517601394e+00
3.652267340480749525e+00 2.131225393800540324e+00
3.652271527519378669e+00 2.130980021840247041e+00
3.652290490097783504e+00 2.130483526781308257e+00
3.652337853174378868e+00 2.129257749248734566e+00
3.652454509111443315e+00 2.126232792507000369e+00
3.652737706207427770e+00 2.118855197603586316e+00
3.653377299574180448e+00 2.102038660082980126e+00
3.654219279762874084e+00 2.079972125842330044e+00
3.655064564306376163e+00 2.057674233225940785e+00
3.655897547035372508e+00 2.035276921561355756e+00
3.656786362015541858e+00 2.013015568135799960e+00
3.657619477206939695e+00 1.990523011625396022e+00
3.658413715201080940e+00 1.967951047125595432e+00
3.659204762157504121e+00 1.945439611976556016e+00
3.660071689782725457e+00 1.923240064816191808e+00
3.660842959447902167e+00 1.900721228214859782e+00
3.661668275164076114e+00 1.878453219426065246e+00
3.662432645586015223e+00 1.855984986604386044e+00
3.663182780715499742e+00 1.833509368106566839e+00
3.663925165604879464e+00 1.811032614968872023e+00
3.664718724089454760e+00 1.788674032726964125e+00
3.665435870210203007e+00 1.766017732142366681e+00
3.666200613702472744e+00 1.743621889776314715e+00
3.666922673818729272e+00 1.721079764593344885e+00
3.667602014823493128e+00 1.698428707715116781e+00
3.668351032032423298e+00 1.676082803077457717e+00
3.669030585984597526e+00 1.653525757503411464e+00
3.669705564290253630e+00 1.631017607097680067e+00
3.670335428349998708e+00 1.608369050482686635e+00
3.671066002678621931e+00 1.586157965915515833e+00
3.671694181312107119e+00 1.563583701421565886e+00
3.672305792821051629e+00 1.541016022251625817e+00
3.672950949141224886e+00 1.518617465420508239e+00
3.673583900991381324e+00 1.496229916442530339e+00
3.674162459606853837e+00 1.473665355516818876e+00
3.674787394902242266e+00 1.451331554719971662e+00
3.675348431097660740e+00 1.428805740476357222e+00
3.675942298074454495e+00 1.406463981474675107e+00
3.676501866180332811e+00 1.384011571504555116e+00
3.677018025772021304e+00 1.361441517193839434e+00
3.677584748025444217e+00 1.339112839906561270e+00
3.678102411219181800e+00 1.316643134379102520e+00
3.678625240534254548e+00 1.294254933320582612e+00
3.679102717747658069e+00 1.271714313334737056e+00
3.679556068506632638e+00 1.249146891551487171e+00
3.680050928390759868e+00 1.226771060888619092e+00
3.680550228166997950e+00 1.204459135347899723e+00
3.680983233722560310e+00 1.181919474208965593e+00
3.681389061169769050e+00 1.159338522002869354e+00
3.681849969126399724e+00 1.137027952463386171e+00
3.682240622337675351e+00 1.114451468448483418e+00
3.682614193245096423e+00 1.091873946986225308e+00
3.682963422671039488e+00 1.069256556722274487e+00
3.683322625563898445e+00 1.046719890862800817e+00
3.683709785653564328e+00 1.024328851805460516e+00
3.684042270125900131e+00 1.001758791590789732e+00
3.684373849770074649e+00 9.792383239846680354e-01
3.684655028655526188e+00 9.565534188784428071e-01
3.684912545496539682e+00 9.338342687599555658e-01
3.685212424569376033e+00 9.113196354887221906e-01
3.685441822039199344e+00 8.885795556387794392e-01
3.685668232157211399e+00 8.658846720677181308e-01
3.685923656934285031e+00 8.433539972818296926e-01
3.686112673009392715e+00 8.205729150338542111e-01
3.686278572140040843e+00 7.977654544339256582e-01
3.686446134690806176e+00 7.750183087629827217e-01
3.686568071411696401e+00 7.521282650041344331e-01
3.686704597386933902e+00 7.293387839072893453e-01
3.686787793016432335e+00 7.063897486903641942e-01
3.686901580429343017e+00 6.835956752010408088e-01
3.686960868541248715e+00 6.606370862288510892e-01
3.686977178351897422e+00 6.375554830425294028e-01
3.687065648938807172e+00 6.147818580740228578e-01
3.687088511372634159e+00 5.918031953799310907e-01
3.687066168831528046e+00 5.686870595363089365e-01
3.687011820466230994e+00 5.454992264555514891e-01
3.686946549391576955e+00 5.223112217463632412e-01
3.686869603790817962e+00 4.991219899159149431e-01
3.686746468928232545e+00 4.757951026676450756e-01
3.686673161441980540e+00 4.527049430224021620e-01
3.686518056706809432e+00 4.293268950964625463e-01
3.686340520925105224e+00 4.059156658458962785e-01
3.686163915978127648e+00 3.825465859750140640e-01
3.685930518238638598e+00 3.590053454343818395e-01
3.685684912940223157e+00 3.354598484056039998e-01
3.685418460156911546e+00 3.118771645182577545e-01
3.685118133814069719e+00 2.882083289417459726e-01
3.684780664824176988e+00 2.644366871404882913e-01
3.684413491011473862e+00 2.405995813155508145e-01
3.684115074255823963e+00 2.170558130306474987e-01
3.683719585019850751e+00 1.931808796518905136e-01
3.683308178605014582e+00 1.692943557889911854e-01
3.682857245264552493e+00 1.452917166599025645e-01
3.682389302430161493e+00 1.212698278496118914e-01
3.681901000024170312e+00 9.722715039463308839e-02
3.681386502032456765e+00 7.314938840341110582e-02
3.680830666377436167e+00 4.898538334276401202e-02
3.680266712929686879e+00 2.486404573361920833e-02
3.679685779656461264e+00 7.632872106196455023e-04
3.679148662000929271e+00 -2.306796943618514770e-02
3.678558359748565376e+00 -4.703702749747010886e-02
3.677964644910737491e+00 -7.090456547413848121e-02
3.677375587854874617e+00 -9.463258511680364138e-02
3.676795715899057626e+00 -1.181922629856820145e-01
3.676231108384038215e+00 -1.415441385744403979e-01
3.675722928858286220e+00 -1.645243954565090427e-01
3.675231883922727594e+00 -1.872676920268617762e-01
3.674777115518364390e+00 -2.096828722647806342e-01
3.674370551641571669e+00 -2.316941437202812426e-01
3.674030139786133908e+00 -2.532210845059997828e-01
3.673755150878467379e+00 -2.742421926711054447e-01
3.673595573240281631e+00 -2.945400730617557250e-01
3.673572597585545108e+00 -3.139954684226428094e-01
3.673756853382133869e+00 -3.323056882623811603e-01
3.674131621410237525e+00 -3.494999275794465343e-01
3.674650013124902248e+00 -3.657083236419586547e-01
3.675406270840046563e+00 -3.804926766156028206e-01
3.676332073719541071e+00 -3.940609945258759517e-01
3.677471694866531582e+00 -4.061502141793991161e-01
3.678953412677173684e+00 -4.161721114591875881e-01
3.680807225951877371e+00 -4.238924522257231930e-01
3.683235474721171521e+00 -4.284174049589391520e-01
3.686268659732479858e+00 -4.295483593039192138e-01
3.689817770810453812e+00 -4.275399331788524715e-01
3.693932862894336644e+00 -4.221620483289644232e-01
3.698563663948195579e+00 -4.136826818129741290e-01
3.703714916734454743e+00 -4.022564742399792337e-01
3.709066588489880356e+00 -3.894031263189406955e-01
3.714523733949143480e+00 -3.758550180639661509e-01
3.719965588756585895e+00 -3.624804066683638415e-01
3.725280386446956360e+00 -3.500477963747118948e-01
3.730423046843840851e+00 -3.389491956302400077e-01
3.735389867366199823e+00 -3.294317156594033236e-01
3.740079246937574986e+00 -3.219250440131328217e-01
3.744511589405142171e+00 -3.164443347015952757e-01
3.748646584161944073e+00 -3.132412908308623289e-01
3.752391556436013520e+00 -3.126094736206280755e-01
3.755733654275950517e+00 -3.150236872505157715e-01
3.758411798492506062e+00 -3.217796249488609761e-01
3.760098595234297125e+00 -3.352115888938308474e-01
3.760155480312032950e+00 -3.591522010381935637e-01
3.757681087833882216e+00 -3.980581519142336044e-01
3.753669632626384978e+00 -4.380926169967067629e-01
3.752513442665699639e+00 -4.480519251853468665e-01
3.746728405879634849e+00 -4.916114205652575841e-01
3.743371204973672928e+00 -5.085763844512082299e-01
3.743948466224104266e+00 -4.981348294444976621e-01
3.743438341405099568e+00 -4.956935633294325405e-01
3.743077488039977307e+00 -4.916812809204141876e-01
3.743315406153502334e+00 -4.857619046969193777e-01
3.744390848063879229e+00 -4.750982324625738218e-01
3.747269292750897929e+00 -4.516073818085549751e-01
3.752767917238393203e+00 -4.075340509157084345e-01
3.758413210801021975e+00 -3.603479342629410942e-01
3.763650980351557429e+00 -3.137377334510458859e-01
3.766573100641521510e+00 -2.861402443281914620e-01
3.768429441123850143e+00 -2.678899052546860893e-01
3.772744928255347574e+00 -2.228181674544609248e-01
3.774106081510403055e+00 -2.076860097868816479e-01
