3.674056698907058660e+00 2.354156085748058125e+00
3.673392180040044419e+00 2.351275141592258144e+00
3.671737052661596667e+00 2.344086168827093086e+00
3.668719515637288708e+00 2.330921674033331392e+00
3.664395552107006182e+00 2.311895949589472643e+00
3.659757286939368193e+00 2.291171700563273461e+00
3.656082755054435030e+00 2.274315506432111444e+00
3.653990682995491124e+00 2.264243977840198596e+00
3.653138544568615309e+00 2.259765202873031953e+00
3.652913774223973231e+00 2.258302958199236876e+00
3.652878201943574599e+00 2.257854423056029347e+00
3.652882809727159508e+00 2.257563745710928771e+00
3.652905153525190407e+00 2.256995855275470308e+00
3.652961008227344486e+00 2.255596612440087689e+00
3.653098385925996894e+00 2.252147596663662377e+00
3.653431037469785370e+00 2.243760453255708498e+00
3.654158158980182591e+00 2.225500581836475700e+00
3.655049501493437880e+00 2.203388077132378609e+00
3.655906561544959299e+00 2.180995184499274320e+00
3.656832220461987859e+00 2.158885654320093828e+00
3.657696485437956113e+00 2.136618818561992317e+00
3.658585241891024520e+00 2.114476163104768602e+00
3.659438279878350908e+00 2.092194626082647169e+00
3.660288198894240619e+00 2.069978673072680575e+00
3.661099659203025158e+00 2.047643995175949971e+00
3.661961136525044402e+00 2.025553300107368226e+00
3.662765644395865383e+00 2.003288144601647502e+00
3.663619979154238315e+00 1.981248374734717155e+00
3.664397566831547159e+00 1.958952203343134579e+00
3.665198580814118756e+00 1.936815997575827231e+00
3.665994744375727699e+00 1.914712825973428956e+00
3.666782939949472020e+00 1.892614060400348519e+00
3.667536841682993654e+00 1.870405552338395117e+00
3.668323081881573522e+00 1.848402360667688926e+00
3.669077411904904107e+00 1.826275075939708836e+00
3.669798400117577852e+00 1.804071828165195734e+00
3.670535833232233980e+00 1.782006411385102185e+00
3.671228252222312527e+00 1.759792835401380318e+00
3.671989584252925543e+00 1.737896390089599841e+00
3.672667349036517592e+00 1.715705140023521702e+00
3.673383526772159957e+00 1.693712454028031500e+00
3.674072870880682906e+00 1.671662132779186960e+00
3.674746368948686115e+00 1.649587520416031516e+00
3.675422278878547111e+00 1.627578190661122193e+00
3.676081012810810122e+00 1.605529129016443290e+00
3.676692826796058799e+00 1.583354342217430322e+00
3.677405526836401872e+00 1.561580725597822017e+00
3.678020358070865026e+00 1.539480855161091011e+00
3.678618405898357313e+00 1.517373709001908821e+00
3.679225897294699177e+00 1.495347638674915602e+00
3.679858608103728113e+00 1.473456270346531483e+00
3.680436622204807939e+00 1.451370918447806524e+00
3.680989600252633664e+00 1.429251854136271982e+00
3.681591606892499424e+00 1.407357098444726784e+00
3.682137788709353821e+00 1.385293481822201134e+00
3.682671333755011212e+00 1.363229312280351824e+00
3.683233638201589333e+00 1.341309515923631013e+00
3.683732330915293396e+00 1.319176839955658931e+00
3.684280252289743540e+00 1.297282338778610988e+00
3.684771620345371534e+00 1.275207453926780143e+00
3.685246314468168638e+00 1.253113787832741632e+00
3.685760456286265807e+00 1.231198198266454824e+00
3.686205471606425199e+00 1.209053507553115026e+00
3.686622665367028429e+00 1.186857817128933013e+00
3.687091356710125112e+00 1.164901892415918905e+00
3.687525302491341694e+00 1.142848215137137302e+00
3.687934984644638980e+00 1.120744606249079345e+00
3.688325872054246002e+00 1.098603214462390509e+00
3.688754641739683926e+00 1.076662846664376172e+00
3.689116682730699814e+00 1.054457411256914501e+00
3.689464873673553580e+00 1.032256995053645987e+00
3.689803599648344257e+00 1.010071568427095778e+00
3.690159824154651158e+00 9.879982024948013031e-01
3.690467760479763104e+00 9.657516195780613266e-01
3.690745577924773979e+00 9.434295366305515129e-01
3.691055674141736187e+00 9.212750484611582635e-01
3.691299442178969770e+00 8.988961251009477404e-01
3.691574607389269680e+00 8.766760824009175446e-01
3.691791586696833161e+00 8.542772582868783937e-01
3.692066620674972377e+00 8.321403354164611521e-01
3.692264248663361670e+00 8.097216157624815835e-01
3.692441202476173689e+00 7.872753203987449266e-01
3.692603548708789596e+00 7.648189612436891993e-01
3.692735795232421570e+00 7.422886665411968510e-01
3.692915472381448350e+00 7.199672103565603054e-01
3.693017610741202272e+00 6.973793105466126185e-01
3.693126120729991690e+00 6.748680983648809306e-01
3.693198031527179737e+00 6.522427845238015776e-01
3.693233777302024734e+00 6.295253893492460673e-01
3.693253547104816015e+00 6.067865974108108684e-01
3.693322296101852142e+00 5.842666324696244029e-01
3.693309759693871097e+00 5.614782890361998957e-01
3.693317106916234938e+00 5.388032426524300700e-01
3.693266807612854752e+00 5.159317886606100689e-01
3.693207740053139787e+00 4.930729431479402569e-01
3.693109947617496225e+00 4.700981761215186627e-01
3.693000574333988428e+00 4.471180707931747267e-01
3.692858260751810118e+00 4.240486229911121230e-01
3.692732551538061347e+00 4.010797453540126956e-01
3.692543324702939778e+00 3.779067690713563965e-01
3.692342687753112251e+00 3.547458306765234881e-01
3.692156742799932445e+00 3.316840360293172862e-01
3.691907907535600497e+00 3.084193600293502757e-01
3.691638098401477830e+00 2.851504815840846252e-01
3.691352107731158405e+00 2.618951282901389455e-01
3.691095522990701649e+00 2.388325480284782532e-01
3.690783759645759776e+00 2.156356541017063755e-01
3.690497911758002125e+00 1.926387082580059418e-01
3.690179985805040364e+00 1.696100335300939899e-01
3.689864216846941325e+00 1.467131371356192038e-01
3.689546555025096986e+00 1.239371851129949242e-01
3.689239960686173880e+00 1.013500769007763119e-01
3.688962055871197521e+00 7.903260403027603798e-02
3.688688341401243687e+00 5.688816038500299488e-02
3.688451620802759567e+00 3.507889576936084469e-02
3.688269788908796087e+00 1.368599524913042750e-02
3.688123493904793992e+00 -7.343386105564878377e-03
3.688074117309800837e+00 -2.772991626013170813e-02
3.688107602535383833e+00 -4.752648489606487586e-02
3.688238763764318584e+00 -6.662958187827582035e-02
3.688475195599307366e+00 -8.496486794348494243e-02
3.688856817793570553e+00 -1.023187589767621808e-01
3.689415456308245300e+00 -1.185123048756870912e-01
3.690180259360094084e+00 -1.333675218820559172e-01
3.691185532408293390e+00 -1.466808596594568748e-01
3.692501591781466974e+00 -1.580858634383758565e-01
3.694129164665180376e+00 -1.674769685644382777e-01
3.696184680074443563e+00 -1.742453809190081804e-01
3.698776638649582171e+00 -1.778058278009590765e-01
3.701859065618704037e+00 -1.781731217633432951e-01
3.705540975556551597e+00 -1.747350709357770038e-01
3.709855467225966930e+00 -1.672766088036332643e-01
3.714704664204082185e+00 -1.560852728360952180e-01
3.719875400720135339e+00 -1.421143847988828313e-01
3.725185093151010207e+00 -1.265025945726077072e-01
3.730517027790065665e+00 -1.102771999671426223e-01
3.735739990614308503e+00 -9.437245269032847050e-02
3.740876243572189175e+00 -7.917873334425412635e-02
3.745855135572205619e+00 -6.526010655598653287e-02
3.750661408767865357e+00 -5.280898882256863242e-02
3.755345677675768989e+00 -4.171960567127801917e-02
3.759872424955099213e+00 -3.215802616873165293e-02
3.764230564909488486e+00 -2.406270842024765821e-02
3.768457945317141622e+00 -1.728195251367263888e-02
3.772575552609092053e+00 -1.179237172531932831e-02
3.776536524948407525e+00 -7.588750977320758186e-03
3.780356129909663743e+00 -4.680435388628428200e-03
3.784066510341928868e+00 -3.141628936355760331e-03
3.787587309544518277e+00 -3.254510267227744228e-03
3.790902416839773359e+00 -5.520505230635980136e-03
3.793834651792376889e+00 -1.088971290760167888e-02
3.796224182463726837e+00 -2.092700998641393306e-02
3.797694676569415062e+00 -3.804641116649905980e-02
3.797769412772262765e+00 -6.544717071395099450e-02
3.795996385225377967e+00 -1.043861547650444671e-01
3.792876384956311409e+00 -1.458094493262460656e-01
3.790737547651652051e+00 -1.687415309867044411e-01
3.790026937172011223e+00 -1.756838998172442767e-01
3.789332720454702041e+00 -1.821207935685802137e-01
3.786987380212185617e+00 -1.993131497174913114e-01
3.786579689984949315e+00 -1.955988455890458055e-01
3.786062328594673065e+00 -1.916750341568114746e-01
3.785943011141619241e+00 -1.873080763660173453e-01
3.786250197264762640e+00 -1.812835072798226199e-01
3.787293007924392718e+00 -1.700637683928751254e-01
3.790019622106143071e+00 -1.445384775546205147e-01
3.794162250220833865e+00 -1.055887866281666199e-01
3.798169798543008735e+00 -6.596050239810273552e-02
3.801861278337772543e+00 -2.704398944137902452e-02
3.804593498242450966e+00 3.743536014694313040e-03
3.805248241637705142e+00 1.140496606747236873e-02
3.808363359851143493e+00 4.950263421969725713e-02
3.811240742249766722e+00 8.720696610087219636e-02
3.813910793795206811e+00 1.244930295792115588e-01
3.816392078640436836e+00 1.612970358114719227e-01
3.818664691780348619e+00 1.975395232811939517e-01
3.820697111524373302e+00 2.330081087250363003e-01
3.822477471842282259e+00 2.678747098618615707e-01
3.823985414969232277e+00 3.022034082892058882e-01
3.825176266859765750e+00 3.359306599293508389e-01
3.825982153441684019e+00 3.691605338781346890e-01
3.826299875882940515e+00 4.026572364127612991e-01
3.825991969989874786e+00 4.343783881190717566e-01
3.825577978214550257e+00 4.494803774319993117e-01
3.825261742111975227e+00 4.578652020405789558e-01
3.824912444385401677e+00 4.654329511835063604e-01
3.824546948167725002e+00 4.725450517789256955e-01
3.824154968715414160e+00 4.792390143787658707e-01
3.823745412372146379e+00 4.855517167169860482e-01
3.823320713139842564e+00 4.914960098701240954e-01
3.822876815470254375e+00 4.971059527132411504e-01
3.822427656524840955e+00 5.024115967956845896e-01
3.821952744046896999e+00 5.076497648583310207e-01
3.820856959579842282e+00 5.185993594963361764e-01
3.818676501105882082e+00 5.369264602101095907e-01
3.816149685453341878e+00 5.543929176088541189e-01
3.813452889623877962e+00 5.701080551243243866e-01
3.810632904043630642e+00 5.843165065085172971e-01
3.807743234841383995e+00 5.972452265301531060e-01
3.804771865349753757e+00 6.091106404082615722e-01
3.801776765723111851e+00 6.200591408503463020e-01
3.798755940751239013e+00 6.302075806323981233e-01
3.795717854131167801e+00 6.396385576540131179e-01
3.792701210565503800e+00 6.484309283331741725e-01
3.789677964433538548e+00 6.567003407811228266e-01
3.786664688108324128e+00 6.644979444706986538e-01
3.783649352900477325e+00 6.718769889330461487e-01
3.780661189385700283e+00 6.788570310343710057e-01
3.777676575470382492e+00 6.854770342583518250e-01
3.774725291287346796e+00 6.917582182610461095e-01
3.771798645227826263e+00 6.977093926431914284e-01
3.768899349615430161e+00 7.033560963485041562e-01
3.766026741438543990e+00 7.087144531862294983e-01
3.764895798702204033e+00 7.107809261808347712e-01
3.763193487823873085e+00 7.138154949623068957e-01
3.760405730812558467e+00 7.186833726634349606e-01
3.757652294067280963e+00 7.233429228046625026e-01
3.754928135853123017e+00 7.278269105802513961e-01
3.752265677741557948e+00 7.321896723987534328e-01
3.749670683178980113e+00 7.364654347875136953e-01
3.747134621715400016e+00 7.407546371463774593e-01
3.744663171535559165e+00 7.451197704072047845e-01
3.742277413005313580e+00 7.496505759732858820e-01
3.739977387454326063e+00 7.544559264748380567e-01
3.737768306690682607e+00 7.596551864916685215e-01
3.735644028498004587e+00 7.653185211254863729e-01
3.733626356458256801e+00 7.715602965673659108e-01
3.731712070178321294e+00 7.784524876011259531e-01
3.729897038632582262e+00 7.860838807026353514e-01
3.728179493700980895e+00 7.944912645476059909e-01
3.726586224480180398e+00 8.037192801685683063e-01
3.725079380714416022e+00 8.137789507704199510e-01
3.723668721469000520e+00 8.246382317148176488e-01
3.722345604106410022e+00 8.362515871748553709e-01
3.721126474730909184e+00 8.486467608709843402e-01
3.719977986644953383e+00 8.616820341044353349e-01
3.718912863855817097e+00 8.753102640651962973e-01
3.717908899840465686e+00 8.895066361934252930e-01
3.717646395720096031e+00 8.933535927486653261e-01
