3.674164868531291095e+00 2.360466334995435123e+00
3.673501906128925132e+00 2.357591358759628886e+00
3.671843618454653679e+00 2.350388016863941498e+00
3.668810489900711680e+00 2.337156339971346419e+00
3.664476493668378243e+00 2.318084078782098878e+00
3.659813709503176415e+00 2.297251772533470682e+00
3.656144474579789083e+00 2.280406901486166760e+00
3.654031631480583187e+00 2.270240032939014441e+00
3.653154353915658348e+00 2.265651234152759486e+00
3.652927771495580789e+00 2.264175343808868757e+00
3.652891694999355732e+00 2.263720416710162553e+00
3.652896233644524759e+00 2.263426736200662148e+00
3.652918611578101604e+00 2.262854774699893934e+00
3.652974547988249832e+00 2.261445654786539361e+00
3.653112021315381153e+00 2.257972155188101571e+00
3.653443840603037618e+00 2.249522867390397085e+00
3.654212265126893122e+00 2.231384180360241665e+00
3.655075737550611326e+00 2.209158070348666847e+00
3.655978553399015230e+00 2.186998362584361200e+00
3.656822357791186029e+00 2.164616380445889110e+00
3.657720213496927109e+00 2.142482710987911876e+00
3.658555051019198423e+00 2.120153036127555790e+00
3.659449401204013519e+00 2.098083391251382768e+00
3.660265122953662686e+00 2.075762706070748642e+00
3.661159178293957872e+00 2.053777874557911609e+00
3.661961675871117539e+00 2.031455361635944534e+00
3.662825772054864260e+00 2.009454811293733378e+00
3.663616434075974926e+00 1.987160315062719507e+00
3.664377983957890716e+00 1.964845990755829774e+00
3.665237677058542420e+00 1.942941262295826865e+00
3.666004130718469867e+00 1.920708103604446215e+00
3.666799033608824754e+00 1.898625233357359443e+00
3.667546096404723954e+00 1.876405834970364284e+00
3.668347389075896192e+00 1.854457577069711371e+00
3.669091589561438216e+00 1.832283593119609089e+00
3.669865654453966730e+00 1.810296852408763035e+00
3.670605963996886434e+00 1.788186498687148740e+00
3.671301172978776339e+00 1.765959459095899131e+00
3.672038504563709171e+00 1.743938735650915284e+00
3.672742634892345315e+00 1.721842718310724552e+00
3.673436211655793482e+00 1.699747297872270080e+00
3.674149365980580839e+00 1.677769263365772145e+00
3.674817655217954560e+00 1.655653953651051724e+00
3.675462827544381472e+00 1.633507315871028709e+00
3.676185558674843090e+00 1.611706174940732206e+00
3.676835964118263522e+00 1.589633770173857652e+00
3.677448084864816558e+00 1.567472994762242333e+00
3.678084109186435580e+00 1.545449937340336755e+00
3.678726125578295481e+00 1.523495470729127277e+00
3.679317609289884050e+00 1.501383264264174899e+00
3.679964703737663712e+00 1.479530683404527203e+00
3.680530886361808030e+00 1.457380362778526672e+00
3.681148593838468042e+00 1.435499106688802318e+00
3.681713094494079908e+00 1.413419424760909315e+00
3.682246248799110777e+00 1.391285797771724120e+00
3.682808674003427818e+00 1.369312468350277756e+00
3.683349545414227766e+00 1.347283578015701311e+00
3.683880420200764227e+00 1.325268519576270343e+00
3.684384560083997062e+00 1.303186181716102787e+00
3.684906281790915727e+00 1.281221617396172352e+00
3.685392338128980150e+00 1.259136250750128028e+00
3.685890264505981673e+00 1.237156216974613976e+00
3.686344943064316038e+00 1.215025516063829913e+00
3.686773094156856168e+00 1.192852168728500528e+00
3.687228466414106176e+00 1.170826708907578340e+00
3.687681400406802368e+00 1.148828910856321883e+00
3.688073385671726712e+00 1.126631616992335827e+00
3.688513051439535229e+00 1.104649918238383766e+00
3.688890261317061992e+00 1.082470449046213590e+00
3.689254256095993778e+00 1.060287722383094877e+00
3.689654829563993488e+00 1.038269186081365314e+00
3.689987264827459867e+00 1.016030380811756340e+00
3.690349056660018778e+00 9.939561457783766540e-01
3.690660258593402521e+00 9.717042701989719866e-01
3.690972247297947817e+00 9.495150278310449110e-01
3.691261674715236474e+00 9.272581536061216267e-01
3.691516121378442428e+00 9.049060664526615838e-01
3.691789971036876672e+00 8.826678199071439357e-01
3.692018882319942019e+00 8.602993044569584580e-01
3.692256126385810244e+00 8.380091028237692807e-01
3.692441606089054140e+00 8.155516941220575244e-01
3.692666769249367764e+00 7.932801927969246325e-01
3.692817618916973466e+00 7.707683554055287933e-01
3.693041306105847799e+00 7.485781890437828157e-01
3.693172974975778455e+00 7.260325256362033519e-01
3.693276728570165979e+00 7.034355763853120669e-01
3.693381389447823349e+00 6.808817047358471930e-01
3.693451036064063331e+00 6.582325788375585907e-01
3.693523013117535836e+00 6.356343095091285811e-01
3.693580286842048199e+00 6.130244807318515621e-01
3.693611231440805387e+00 5.903306654326888614e-01
3.693601501881663030e+00 5.675272575768754990e-01
3.693628027633084177e+00 5.449147851299895873e-01
3.693580189824186899e+00 5.220283573984360048e-01
3.693505195933054264e+00 4.990893266289570529e-01
3.693429310242074326e+00 4.761900573387312097e-01
3.693347912438416092e+00 4.533056037276830819e-01
3.693216560730117060e+00 4.302601840604858840e-01
3.693048172974052523e+00 4.071228173979740128e-01
3.692889208802541123e+00 3.840658091773341831e-01
3.692718142958094418e+00 3.609960837973305026e-01
3.692502657330064331e+00 3.377998290678378424e-01
3.692304553048216142e+00 3.147319330733157616e-01
3.692051187444469473e+00 2.915101550659430218e-01
3.691781699605910294e+00 2.683096464032275197e-01
3.691497659739995107e+00 2.451413797688462570e-01
3.691198200218120729e+00 2.220090046177130572e-01
3.690923626975882055e+00 1.990667379202989695e-01
3.690617215629177217e+00 1.760944754661242229e-01
3.690313950294406453e+00 1.532600142928302323e-01
3.690010146639999711e+00 1.305548584433712245e-01
3.689718538741447063e+00 1.080457680859894659e-01
3.689458734741716484e+00 8.581963243001959618e-02
3.689201236630412772e+00 6.376721084183543942e-02
3.688976658750460214e+00 4.204117266497300193e-02
3.688809050215706264e+00 2.075103991838385745e-02
3.688698180543499738e+00 -8.127015893666067979e-05
3.688673451790240865e+00 -2.031243260589503732e-02
3.688747017391221128e+00 -3.988962456629819436e-02
3.688890063256827556e+00 -5.888576599357585317e-02
3.689159593494525602e+00 -7.701859066459940117e-02
3.689578535022744799e+00 -9.414206988284372357e-02
3.690180597061917478e+00 -1.100749471002430840e-01
3.690994744979572584e+00 -1.246320827707837059e-01
3.692055861797468364e+00 -1.376022408528295438e-01
3.693436713742857425e+00 -1.486080964561020124e-01
3.695140416743036393e+00 -1.575163741168334186e-01
3.697277142449727716e+00 -1.637379171054416382e-01
3.699973257121862424e+00 -1.666200148500121547e-01
3.703164416562092942e+00 -1.662467127558602265e-01
3.706959671912838150e+00 -1.620095020115776552e-01
3.711384748155192703e+00 -1.537143679821030839e-01
3.716290684558573698e+00 -1.418608669051544258e-01
3.721487866841763026e+00 -1.273943464804784542e-01
3.726777849775829932e+00 -1.115663071493862429e-01
3.732031328734409570e+00 -9.536300038976176785e-02
3.737256578710957289e+00 -7.932756850795018300e-02
3.742321906535556408e+00 -6.437006746711804173e-02
3.747227152849689435e+00 -5.067019110007584676e-02
3.751983352769489688e+00 -3.837082789293404239e-02
3.756590339760090380e+00 -2.752511332148630321e-02
3.761044320303179145e+00 -1.815756099665655904e-02
3.765373787074897560e+00 -1.012631206192645891e-02
3.769546966998109205e+00 -3.456281277907889693e-03
3.773614044530933409e+00 1.998291454999681291e-03
3.777546478953928588e+00 6.199551125669157566e-03
3.781346777688559868e+00 9.194004143159881931e-03
3.785034061595459853e+00 1.088683020221945484e-02
3.788565452613351869e+00 1.105234748225066704e-02
3.791896884810307622e+00 9.229444258147720057e-03
3.794912371910259985e+00 4.595059103470388803e-03
3.797428342675022162e+00 -4.263309582493581863e-03
3.799157817996241082e+00 -1.953101964985747008e-02
3.799637666466870733e+00 -4.428331162004491006e-02
3.798341404585546144e+00 -8.103370039178554862e-02
3.795524729378589868e+00 -1.223350121122616513e-01
3.792078757920646304e+00 -1.602555780808220809e-01
3.791397358439088539e+00 -1.667285118623380025e-01
3.789251026188912519e+00 -1.838862129720325034e-01
3.788619470754593266e+00 -1.824587803175998502e-01
3.788084188144455577e+00 -1.785210491885209361e-01
3.787887465595133563e+00 -1.742420261582861285e-01
3.788085684967958944e+00 -1.688198138668465520e-01
3.788909663579294484e+00 -1.592714437262048865e-01
3.791127991817716314e+00 -1.381376924552555618e-01
3.795134208524494568e+00 -1.005699573551265130e-01
3.799156424156385103e+00 -6.110846573184659097e-02
3.802881644117858784e+00 -2.229217229142407483e-02
3.806301513234311873e+00 1.601447215006772742e-02
3.806949241956516516e+00 2.361374939851811766e-02
3.809438344166155233e+00 5.384804054707242188e-02
3.812343436691379761e+00 9.134787165598742820e-02
3.815049433883006547e+00 1.285370101104309493e-01
3.817569457323304771e+00 1.652114790862667937e-01
3.819898442480415213e+00 2.013393155387429578e-01
3.821998906094271842e+00 2.368377849544052449e-01
3.823865837339600837e+00 2.718235250431983441e-01
3.825457168763795490e+00 3.062172398872047285e-01
3.826738564035749413e+00 3.400758053696310568e-01
3.827647674356880803e+00 3.733883813205170488e-01
3.828097075910880775e+00 4.069869004377003607e-01
3.827930782149377542e+00 4.391225366023253085e-01
3.827568513909662240e+00 4.544515178704275904e-01
3.827281354374953537e+00 4.631391350208319269e-01
3.826962291343035449e+00 4.709962855539678861e-01
3.826609582669255882e+00 4.783706611503333317e-01
3.826231200777206354e+00 4.853098795556269329e-01
3.825828588838769306e+00 4.918426483174492825e-01
3.825407354649761338e+00 4.980016602718495000e-01
3.824972449495315008e+00 5.038052762750284685e-01
3.824523817561783279e+00 5.092808320534772948e-01
3.824062849879516612e+00 5.144600733796362846e-01
3.823456192692338718e+00 5.208352929554301847e-01
3.821854110982525476e+00 5.357439028001182990e-01
3.819435411225474475e+00 5.541662050712289345e-01
3.816797034535613253e+00 5.709016545575184010e-01
3.813996647051324462e+00 5.859510262618864429e-01
3.811098046272062057e+00 5.995870056813975557e-01
3.808122681517247088e+00 6.120345917928960988e-01
3.805094750952490390e+00 6.234908346559460135e-01
3.802026800605125878e+00 6.340749367732229080e-01
3.798956856426325412e+00 6.438723935957526567e-01
3.795895199829221855e+00 6.529764465650540473e-01
3.792835414636290370e+00 6.614961169936415253e-01
3.789778775604743188e+00 6.695023495277764303e-01
3.786739202690244444e+00 6.770471635505082020e-01
3.783715741609695371e+00 6.841906528192976955e-01
3.780704462421117462e+00 6.909593217626700534e-01
3.777712445704722199e+00 6.973655611105490371e-01
3.774756851028163940e+00 7.034406790747154137e-01
3.771815657309639302e+00 7.092017070667915313e-01
3.768909257064827933e+00 7.146759180799227007e-01
3.767173691635560040e+00 7.178270471014825960e-01
3.766032051377259382e+00 7.198779335732046203e-01
3.763199954242910650e+00 7.248156893376779264e-01
3.760394199291823725e+00 7.295254378974367349e-01
3.757634744274268357e+00 7.340454567915118966e-01
3.754903334074515264e+00 7.383764211302267233e-01
3.752244293228238270e+00 7.425941004332092810e-01
3.749609682996410953e+00 7.467281188350036736e-01
3.747077581285643610e+00 7.508730776529517481e-01
3.744611760040857718e+00 7.551041534968314650e-01
3.742218932105614737e+00 7.594935480510608405e-01
3.739914530210344701e+00 7.641609823951639457e-01
3.737685972889620789e+00 7.692022972873370223e-01
3.735580058499285538e+00 7.747325879656434822e-01
3.733571743764599660e+00 7.808424197291148339e-01
3.731664448953220248e+00 7.876112122472918031e-01
3.729852026869987736e+00 7.950925096176821860e-01
3.728158973689020161e+00 8.033702788920011884e-01
3.726563425352011016e+00 8.124669789191094615e-01
3.725056334553274784e+00 8.223588471064519068e-01
3.723659394881377871e+00 8.330921053019486600e-01
3.722345280973879955e+00 8.446270309027553713e-01
3.721115100038230761e+00 8.568797925937453597e-01
3.719971455061046317e+00 8.698255716742419041e-01
3.718906957822945891e+00 8.833577737862565726e-01
3.717901070181235834e+00 8.974623317425072244e-01
3.716954635164204213e+00 9.120317120272738443e-01
3.716080013227255563e+00 9.269924091237962127e-01
3.715266840621306965e+00 9.418485606002655608e-01
3.714531565765285315e+00 9.563469383273653923e-01
3.713861084078271979e+00 9.704720065983392097e-01
3.713218214283124929e+00 9.842332124365147372e-01
3.712642878353145992e+00 9.976874109227119591e-01
3.712096322018015204e+00 1.010842820262640940e+00
3.711569007912356000e+00 1.023679703845433275e+00
3.711084207101567944e+00 1.036240817164472805e+00
3.710611183206407038e+00 1.048534010329333244e+00
3.710170196279170440e+00 1.060526024504675258e+00
3.709736718121886767e+00 1.072284058034403076e+00
3.709322186738519100e+00 1.083775386275447117e+00
3.708930722178416239e+00 1.095039921511777203e+00
3.708544004055210674e+00 1.106083426740921416e+00
3.708167099452728710e+00 1.116967851720201521e+00
3.707814870475392599e+00 1.127579819276062878e+00
3.707454807113056194e+00 1.138047295591422481e+00
3.707117616347446187e+00 1.148348167855730573e+00
3.706787036463737639e+00 1.158441860359433750e+00
3.706465615489030530e+00 1.168354050925811682e+00
3.706129298651921200e+00 1.178115534098708173e+00
3.705821472110093495e+00 1.187756335558688425e+00
3.705518902291426997e+00 1.197147727040916099e+00
3.705218019395561058e+00 1.206544347968977471e+00
3.704923791455345228e+00 1.215688539038186189e+00
3.704637738720023776e+00 1.224774111053447800e+00
3.704358119220592549e+00 1.233675897528830223e+00
3.704081105643874938e+00 1.242420311178140446e+00
3.703791779769012305e+00 1.251098131605312691e+00
3.703520436069732913e+00 1.259618983725061314e+00
3.703236059570086169e+00 1.268034563178221275e+00
3.702974749002100108e+00 1.276341454876886550e+00
3.702728440910980634e+00 1.284472789420987748e+00
3.702469284064638266e+00 1.292629687589261778e+00
3.702195477646426092e+00 1.300579716091649018e+00
3.701949715441593014e+00 1.308474817663842105e+00
3.701698375939868946e+00 1.316347813160374081e+00
3.701458485034926582e+00 1.324049394518215239e+00
3.701223839178418462e+00 1.331644074463952609e+00
3.700983381592218624e+00 1.339216557263956497e+00
3.700738371708546470e+00 1.346650624016877629e+00
3.700505287506219876e+00 1.354019211452185623e+00
3.700281427114333166e+00 1.361269351083260082e+00
3.700039807105401479e+00 1.368485151452687232e+00
3.699819842262324521e+00 1.375569105783140511e+00
3.699578680906582928e+00 1.382647776407895934e+00
3.699363203415239720e+00 1.389578368717094836e+00
3.699141896603153068e+00 1.396500826848378063e+00
3.698931987237282115e+00 1.403283987840410418e+00
3.698693354480344198e+00 1.410044240698362206e+00
3.698486067285238654e+00 1.416682241358977690e+00
3.698273115307611381e+00 1.423354661312331570e+00
3.698062028007805147e+00 1.429937403982985078e+00
3.697859754569963187e+00 1.436361696981542480e+00
3.697644638879121981e+00 1.442821677809579706e+00
3.697436286938814654e+00 1.449223614944785243e+00
3.697218779693629997e+00 1.455560670166897719e+00
3.697021439441492863e+00 1.461742743639628861e+00
3.696818858443466915e+00 1.467987968386020858e+00
3.696618129067159586e+00 1.474146808842143441e+00
3.696417992186153523e+00 1.480197040263738328e+00
3.696211218372012386e+00 1.486256426238958595e+00
3.696002330609688080e+00 1.492261627326712414e+00
3.695811987780608376e+00 1.498157903212679498e+00
3.695613117245236001e+00 1.504049243461580865e+00
3.695421663802564982e+00 1.509892450411087772e+00
3.695237204914632034e+00 1.515571302934230813e+00
3.695027780822490726e+00 1.521914041242288018e+00
3.694843197866573448e+00 1.527529312340467404e+00
3.694644774047495250e+00 1.533130835471490094e+00
3.694450853357467146e+00 1.538729895676306025e+00
3.694259332520107186e+00 1.544268423987732231e+00
3.694081911645176852e+00 1.549684959631235870e+00
3.693899317618520417e+00 1.555162560094194069e+00
3.693717437773558210e+00 1.560593763871619855e+00
3.693537506655457658e+00 1.565959538275331075e+00
3.693331224877861807e+00 1.571305869526123722e+00
3.693153529599982665e+00 1.576619701041987121e+00
3.692979150831501745e+00 1.581856616916058389e+00
3.692784146708464110e+00 1.587601493204831460e+00
3.692612302401049096e+00 1.592752571281820462e+00
3.692447365480377552e+00 1.597777369711164797e+00
3.692265566836805402e+00 1.602863770140027677e+00
3.692076202976838584e+00 1.608467358125326152e+00
3.691909563531786898e+00 1.613416441264722057e+00
3.691741752200639048e+00 1.618369693935819198e+00
3.691558297566778890e+00 1.623320059887187305e+00
3.691392222056951944e+00 1.628237836673997352e+00
3.691218213499992906e+00 1.633461832082802712e+00
3.691050664956306182e+00 1.638407660308961455e+00
3.690888359284249631e+00 1.643179991204836377e+00
3.690726654537456852e+00 1.647952411833899955e+00
3.690546247406092828e+00 1.652662262913991542e+00
3.690366431997964103e+00 1.657934167475296983e+00
3.690210319923899807e+00 1.662533160283163003e+00
3.690047184906083189e+00 1.667148119394933570e+00
3.689890215591728140e+00 1.671740907612776716e+00
3.689732815832463153e+00 1.676327043991424404e+00
3.689568746224899165e+00 1.680880884945719078e+00
3.689412967183974601e+00 1.685396320689331429e+00
3.689245290998560023e+00 1.689885614009626114e+00
3.689086958171707842e+00 1.694341763336970175e+00
3.688929057242321008e+00 1.698905730383788670e+00
3.688764258180022182e+00 1.703652518083317746e+00
3.688601253465149110e+00 1.707942111341764990e+00
3.688450667317711762e+00 1.712292750505670424e+00
3.688300728324910960e+00 1.716610588349338995e+00
3.688141687817114711e+00 1.720919033159140854e+00
3.687990617853631914e+00 1.725184694932818896e+00
3.687840455752211977e+00 1.729443269867584343e+00
3.687669820077247973e+00 1.734094174058888216e+00
3.687526019900522645e+00 1.738225677824073001e+00
3.687380350684464236e+00 1.742375419381083423e+00
3.687230924166973178e+00 1.746505734273429589e+00
3.687081312214685713e+00 1.750604419599755879e+00
3.686935797931701231e+00 1.754725602378027327e+00
3.686787016418394458e+00 1.758797883058855316e+00
3.686632431699694123e+00 1.762837271995266075e+00
3.686489730218743599e+00 1.766853796843940838e+00
3.686317611578012077e+00 1.771181348457470328e+00
3.686173489056066011e+00 1.775216976031881666e+00
3.686032676346599590e+00 1.779106757939451056e+00
3.685877441427671819e+00 1.783450898669765250e+00
3.685741334030652627e+00 1.787275678238511523e+00
3.685603377432894234e+00 1.791135424452813929e+00
3.685443648622929835e+00 1.795422927485634812e+00
3.685310465617249065e+00 1.799168487882241374e+00
3.685174032310289949e+00 1.802963557538032502e+00
3.685036555064282293e+00 1.806765908631069673e+00
3.684898345968257161e+00 1.810542636732611843e+00
3.684739113339611016e+00 1.814299879385746328e+00
3.684606916918126363e+00 1.818024363572517732e+00
3.684474332191511436e+00 1.821744734360781992e+00
3.684316406205348393e+00 1.825822416754096178e+00
3.684184489660074835e+00 1.829439108431261340e+00
3.684053641831696702e+00 1.833078715254101709e+00
3.683921462194926555e+00 1.836699085349781990e+00
3.683791618412339819e+00 1.840310177206653464e+00
3.683661663303019473e+00 1.843911906987875549e+00
3.683520928561943464e+00 1.847784601243410707e+00
3.683391108482797272e+00 1.851377618898486732e+00
3.683258229188336674e+00 1.854875481378994717e+00
3.683133173059313314e+00 1.858406451333713072e+00
3.682991077244634148e+00 1.862274533934600074e+00
3.682866788962564808e+00 1.865708222070063815e+00
3.682723924022686557e+00 1.869439400891224956e+00
3.682597976436796205e+00 1.872923449948849850e+00
3.682474918173784140e+00 1.876302727828729866e+00
3.682335641809485249e+00 1.880066118058591806e+00
3.682194797634628980e+00 1.883383542649629039e+00
3.682072962155395590e+00 1.886749119618586823e+00
3.681937646122748653e+00 1.890210577051285590e+00
3.681806933491283296e+00 1.893804367929500243e+00
3.681688272018779795e+00 1.897072322205878958e+00
3.681563919301666488e+00 1.900473687644555598e+00
3.681415880590884537e+00 1.903999765872341765e+00
3.681299451044069304e+00 1.907232519517230163e+00
3.681180849801862998e+00 1.910492821825113152e+00
3.681062425350239753e+00 1.913740302211361710e+00
3.680932329157427407e+00 1.917239077301826855e+00
3.680813527202921431e+00 1.920483762406149708e+00
3.680697706569709293e+00 1.923638459549771307e+00
3.680562239725612361e+00 1.927153728426235002e+00
3.680446673019720727e+00 1.930245065027842433e+00
3.680311452635097957e+00 1.933697263798010768e+00
3.680196989553494280e+00 1.936812899849613245e+00
3.680083863004944167e+00 1.939890205785864685e+00
3.679946597308274558e+00 1.943328914372777216e+00
3.679821109167530135e+00 1.946340693773490838e+00
3.679719741805549837e+00 1.949396358639462923e+00
3.679594865185425334e+00 1.952470559064108269e+00
3.679475439929835279e+00 1.955529946006282493e+00
3.679371027274198180e+00 1.958595441622758448e+00
3.679255449803258582e+00 1.961583524044787419e+00
3.679124549928925347e+00 1.964850492864497422e+00
3.679008633925754612e+00 1.967899368645082525e+00
3.678899956604885446e+00 1.970820285813708495e+00
3.678781784285377388e+00 1.973781802616360270e+00
3.678658114443582594e+00 1.977038488080818501e+00
3.678551527023673717e+00 1.979921349668249064e+00
3.678430549434807517e+00 1.982914821539246253e+00
3.678313344190664136e+00 1.986026732742969481e+00
3.678205767417058514e+00 1.988887988971873133e+00
3.678086075849099856e+00 1.992046914038638983e+00
3.677974457051988999e+00 1.994890852678848914e+00
3.677856910227466969e+00 1.997722230517938513e+00
3.677735158471116428e+00 2.000889102790176732e+00
3.677631946273747676e+00 2.003654088972276703e+00
3.677522920414467045e+00 2.006532676036130614e+00
3.677408929685675787e+00 2.009533726119423047e+00
3.677305044483203833e+00 2.012276073106070040e+00
3.677194813741521351e+00 2.015044744094637519e+00
3.677067645787859718e+00 2.018080435187207033e+00
3.676964768783831605e+00 2.020811961504219934e+00
3.676837469228598110e+00 2.023790019495713910e+00
3.676735581744957848e+00 2.026500842380333900e+00
3.676634491314433983e+00 2.029179687812785460e+00
3.676519303719914866e+00 2.032177391566762914e+00
3.676419347213522038e+00 2.034815293847431761e+00
3.676309509089492611e+00 2.037548032896088213e+00
3.676200549671770901e+00 2.040404487554556390e+00
3.676095888556334845e+00 2.043005544349663083e+00
3.675983195904898082e+00 2.045915469022258737e+00
3.675884082282550924e+00 2.048495034135750181e+00
3.675773974496863161e+00 2.051366542007944105e+00
3.675676360373000939e+00 2.053927030321367475e+00
3.675577506140473183e+00 2.056509320928516349e+00
3.675475602182018520e+00 2.059169193315340429e+00
3.675352802340308589e+00 2.061919651852659463e+00
3.675256504303329841e+00 2.064451542820488594e+00
3.675149514365103176e+00 2.067240036454360386e+00
3.675051156790935192e+00 2.069750342206668314e+00
3.674950501725781304e+00 2.072259610126379048e+00
3.674845063532659495e+00 2.074994460524394846e+00
3.674748799719739889e+00 2.077505816629017232e+00
3.674644959711409253e+00 2.080039861987284855e+00
3.674534195950378113e+00 2.082657311308213188e+00
3.674440735077616704e+00 2.085088193574815563e+00
3.674337313342647793e+00 2.087758152504951337e+00
3.674241480627470580e+00 2.090242518249308734e+00
3.674146096154763175e+00 2.092636444462309342e+00
3.674046974544292077e+00 2.095042231076945871e+00
3.673943384149591207e+00 2.097715269193640264e+00
3.673852754100444429e+00 2.100050481202277997e+00
3.673754070627687440e+00 2.102674602908588319e+00
3.673664123874794463e+00 2.104999110914379745e+00
3.673568855239644826e+00 2.107324873177252478e+00
3.673467042763725043e+00 2.109871363215946705e+00
3.673375243336773899e+00 2.112241403302995923e+00
3.673269001726788385e+00 2.114715273358492187e+00
3.673173406860324341e+00 2.117030500995385367e+00
3.673086954837023299e+00 2.119269167174255397e+00
3.672998446582213639e+00 2.121549871945731525e+00
3.672890595667415603e+00 2.124082907493421768e+00
3.672806521851351480e+00 2.126266190393150790e+00
3.672703379946558933e+00 2.128671905244474694e+00
3.672616920094730286e+00 2.130912059418369697e+00
3.672533401269927111e+00 2.133073830442045793e+00
3.672429044164304823e+00 2.135503179974765242e+00
3.672347544710273581e+00 2.137622824990415005e+00
3.672255424594601525e+00 2.139993654600943707e+00
3.672174487897657436e+00 2.142093389937425485e+00
3.672083870626235313e+00 2.144240531746050227e+00
3.671995419566481011e+00 2.146489191936046925e+00
3.671914364020775867e+00 2.148589441199161509e+00
3.671819468670284525e+00 2.150788477246435626e+00
3.671742405341361870e+00 2.152797799177498028e+00
3.671655872988762059e+00 2.155033840953893609e+00
3.671578547475312870e+00 2.156984407657853708e+00
3.671494087769943349e+00 2.159164817465149433e+00
3.671419616065421554e+00 2.161076553019706470e+00
3.671341575126857215e+00 2.162978788176515010e+00
3.671259630717357503e+00 2.165090269249022814e+00
3.671187700969866352e+00 2.166967482808593637e+00
3.671110327891601077e+00 2.168968120349227924e+00
3.671031122512608214e+00 2.170772386960512002e+00
3.670963725541731559e+00 2.172541075637768770e+00
3.670892905803281092e+00 2.174387727334788689e+00
3.670822096128417478e+00 2.176241916391048470e+00
3.670759144598374935e+00 2.177899249993622721e+00
3.670687730338010990e+00 2.179758411636999682e+00
3.670623712867609356e+00 2.181316803385742631e+00
3.670558629669104622e+00 2.183027421016497716e+00
3.670498110382831136e+00 2.184595345189795701e+00
3.670443982151340379e+00 2.186042581636237436e+00
3.670395948694950228e+00 2.187509946622782309e+00
3.670329444133991093e+00 2.188989818439961432e+00
3.670275896428571993e+00 2.190436602997091864e+00
3.670229547112794588e+00 2.191708926301621840e+00
3.670184144878022359e+00 2.192958419618109556e+00
3.670132354305541522e+00 2.194283879110106916e+00
3.670093092792037659e+00 2.195397157383144560e+00
3.670047378570686192e+00 2.196517848222959923e+00
3.670013771843177786e+00 2.197499984139241302e+00
3.669978047674706367e+00 2.198530126999254097e+00
3.669950967681479437e+00 2.199363056611089995e+00
3.669922421515194877e+00 2.200237785490048559e+00
3.669895159448576027e+00 2.201003169809656157e+00
3.669878529958691349e+00 2.201601574615637436e+00
3.669862360877684360e+00 2.202195020328063357e+00
3.669855698014010237e+00 2.202564912758082638e+00
3.669848196511376948e+00 2.202960832679528469e+00
3.669849454023517588e+00 2.203154014495097179e+00
3.669852550834713067e+00 2.203313956820525998e+00
3.669860967060962764e+00 2.203349660422234457e+00
3.669875358251217357e+00 2.203252033649477415e+00
3.669893148300075403e+00 2.203080549936264010e+00
3.669916355389090334e+00 2.202783468900337827e+00
3.669944579597582468e+00 2.202373817767800723e+00
3.669977427138189974e+00 2.201862907581391138e+00
3.670012334456772329e+00 2.201305733980939205e+00
3.670050466269280776e+00 2.200675728985451496e+00
3.670090017720609055e+00 2.200015527499779022e+00
3.670131923320854028e+00 2.199300614206023852e+00
3.670170418234584453e+00 2.198667524676253926e+00
3.670206745167814422e+00 2.198079008428275749e+00
3.670230288516769246e+00 2.197787632801192270e+00
3.670226217715087280e+00 2.198117852823137319e+00
3.670166041643288857e+00 2.199708346893253896e+00
3.670036903032538156e+00 2.202850794319513028e+00
3.669919485498532641e+00 2.205717495426201324e+00
3.669823257637052638e+00 2.208106826641660358e+00
3.669726846420327426e+00 2.210503550286491592e+00
3.669639894213274633e+00 2.212673204796288040e+00
3.669540916530439567e+00 2.215119535518073057e+00
3.669453861774807368e+00 2.217281105150368248e+00
3.669343444379745467e+00 2.219445865921770622e+00
3.669246186029772705e+00 2.221869431616502855e+00
3.669157417322181924e+00 2.223980041958827591e+00
3.669062616116239184e+00 2.226330093959095091e+00
3.668978389698029474e+00 2.228428920112458744e+00
3.668885915983983281e+00 2.230713885979397126e+00
3.668785311322039000e+00 2.232840641017334704e+00
3.668702227518515713e+00 2.234911595896928560e+00
3.668608687770391175e+00 2.237224870176030223e+00
3.668517235704221058e+00 2.239257762748530833e+00
3.668426061857098741e+00 2.241526701457884574e+00
3.668344774676378428e+00 2.243561505363558251e+00
3.668261596199091645e+00 2.245605963976514463e+00
3.668170370927858581e+00 2.247855579701989015e+00
3.668089934966618504e+00 2.249852468130858263e+00
3.668006557834174952e+00 2.251910229176834921e+00
3.667910029717951659e+00 2.254073504888209456e+00
3.667827939097960677e+00 2.256040116332507228e+00
3.667746604875721683e+00 2.258048928091588081e+00
3.667656792555773482e+00 2.260249163111257786e+00
3.667568371672680794e+00 2.262217588516113320e+00
3.667481698789339717e+00 2.264322242152573494e+00
3.667400736778460679e+00 2.266321792291405401e+00
3.667322157826412798e+00 2.268260539047244340e+00
3.667231844432689236e+00 2.270263850423305030e+00
3.667146592424207263e+00 2.272359916118253942e+00
3.667058853090143788e+00 2.274333608028920928e+00
3.666975694793991547e+00 2.276383224380306824e+00
3.666899586201195937e+00 2.278266169744167069e+00
3.666812522795884988e+00 2.280397627752078105e+00
3.666736683215157111e+00 2.282270364804400042e+00
3.666647307823480251e+00 2.284367977763792634e+00
3.666570574654516967e+00 2.286225856177895643e+00
3.666484931527860702e+00 2.288316583431576401e+00
3.666407743719087176e+00 2.290214844134712990e+00
3.666326379258076695e+00 2.292220621050292895e+00
3.666222058057504007e+00 2.294199017241985938e+00
3.666146406795562473e+00 2.296079488610383912e+00
3.666067229689204510e+00 2.297924451518833067e+00
3.665984050341301259e+00 2.299977052450434822e+00
3.665910664523216678e+00 2.301798905491966085e+00
3.665828801080884158e+00 2.303812669017767156e+00
3.665750970907826201e+00 2.305642356903244039e+00
3.665669834237486047e+00 2.307622602864171313e+00
3.665597103807118451e+00 2.309419150905401175e+00
3.665520714449498563e+00 2.311373503564405407e+00
3.665442335398363838e+00 2.313217431042082772e+00
3.665370227246259827e+00 2.314989180546195957e+00
3.665288847951635010e+00 2.316970349299068754e+00
3.665216058544583877e+00 2.318747537448637708e+00
3.665131675030369518e+00 2.320706717443666189e+00
3.665058495991081688e+00 2.322471905175159890e+00
3.664970134414112124e+00 2.324411494126754185e+00
3.664899310475495220e+00 2.326144082341620400e+00
3.664824088335796315e+00 2.327925170139020228e+00
3.664743908416208562e+00 2.329866646619312309e+00
3.664672583614186241e+00 2.331603908901338507e+00
3.664593571807885919e+00 2.333359927845772841e+00
3.664521641088677395e+00 2.335110559178903866e+00
3.664441480680678431e+00 2.337047876166626015e+00
3.664370831559712993e+00 2.338766195638070311e+00
3.664297154076064711e+00 2.340549304191463786e+00
3.664217465247932903e+00 2.342395468088887878e+00
3.664141065235489325e+00 2.344241342652338300e+00
3.664065245476276989e+00 2.345939536647343449e+00
3.663989443605965679e+00 2.347772644767545991e+00
3.663918123338286925e+00 2.349503743620082297e+00
3.663848727161324703e+00 2.351186968835383695e+00
3.663770406605676211e+00 2.353070826810276905e+00
3.663693620440657828e+00 2.354791569392545636e+00
3.663614901665262380e+00 2.356565050603265377e+00
3.663540857522454175e+00 2.358354971302272673e+00
3.663470990035171404e+00 2.360049320023098751e+00
3.663395472387948271e+00 2.361850136052059845e+00
3.663327330551091610e+00 2.363497567038608249e+00
3.663258526325206876e+00 2.365157528812745102e+00
3.663177265839089536e+00 2.367006836359100586e+00
3.663107001332075896e+00 2.368624619525277364e+00
3.663031436349932335e+00 2.370436925194763678e+00
3.662958800792620817e+00 2.372180272952370217e+00
3.662890219116865076e+00 2.373831139289185987e+00
3.662805265861907689e+00 2.375431509913736861e+00
3.662729945630545103e+00 2.377246346309978442e+00
3.662663970625755105e+00 2.378847842406994761e+00
3.662589746980554395e+00 2.380632988370642966e+00
3.662522052312689347e+00 2.382260113910326993e+00
3.662446832145147102e+00 2.383970831466143636e+00
3.662374636268305395e+00 2.385705744357822233e+00
3.662309162068220214e+00 2.387286737585134322e+00
3.662222927496704639e+00 2.388921616768062250e+00
3.662144653989855225e+00 2.390625269465902480e+00
3.662079703638825734e+00 2.392203185983626135e+00
3.662007759674302587e+00 2.393939819932309199e+00
3.661934233255355498e+00 2.395639267098157443e+00
3.661870470737428107e+00 2.397185269439139343e+00
3.661798671290438456e+00 2.398908488366278569e+00
3.661729010829533948e+00 2.400581141983328948e+00
3.661662381347444928e+00 2.402156987702707358e+00
3.661597514630621220e+00 2.403714534215328325e+00
3.661524797041848522e+00 2.405442467300523468e+00
3.661453357019071930e+00 2.406972404072195371e+00
3.661376345169526481e+00 2.408669649258454282e+00
3.661307747423723225e+00 2.410321166946652660e+00
3.661245445127370157e+00 2.411829082702391602e+00
3.661181457481904822e+00 2.413371521130276420e+00
3.661112016637763311e+00 2.415034208911557734e+00
3.661047018599455694e+00 2.416596160800834170e+00
3.660969906903984494e+00 2.418255944616911624e+00
3.660907639905989441e+00 2.419759547009330269e+00
3.660838283621293598e+00 2.421418700454553097e+00
3.660773555082528219e+00 2.422910381720869477e+00
3.660694430952698308e+00 2.424571711968367627e+00
3.660632250473297766e+00 2.426070296396069637e+00
3.660558924828545724e+00 2.427702267565410743e+00
3.660497356535433067e+00 2.429188890065753892e+00
3.660433294703087981e+00 2.430727151208505354e+00
3.660366503821189887e+00 2.432327279875699855e+00
3.660301789667381289e+00 2.433795860269392097e+00
3.660239409460653182e+00 2.435292516135081797e+00
3.660176294648359363e+00 2.436804180498671091e+00
3.660107412724643794e+00 2.438445732398580201e+00
3.660046409276137336e+00 2.439904483095774346e+00
3.659975497840270542e+00 2.441507309745299725e+00
3.659914414527450255e+00 2.442945603974340685e+00
3.659852474691777324e+00 2.444423089900442658e+00
3.659775593639629676e+00 2.446049816871742166e+00
3.659715785744147798e+00 2.447484063420285239e+00
3.659646080248722289e+00 2.449078874423641139e+00
3.659586482634152205e+00 2.450505120379225410e+00
3.659517036944834878e+00 2.452092368080629470e+00
3.659457127546868804e+00 2.453520624826052821e+00
3.659417804454043299e+00 2.454452717270179551e+00
