3.674013202425982616e+00 2.351896298256105133e+00
3.673350246534446306e+00 2.349022065020455408e+00
3.671696673482216955e+00 2.341840066613464444e+00
3.668668637155239498e+00 2.328633269419522200e+00
3.664374163057825040e+00 2.309731232302616011e+00
3.659733845629799642e+00 2.289001259238216512e+00
3.656080211251779843e+00 2.272233584973238685e+00
3.653982165556858064e+00 2.262141800996025687e+00
3.653133710585225735e+00 2.257680750810374892e+00
3.652909459581271445e+00 2.256222739598316540e+00
3.652874041037027286e+00 2.255776293939531829e+00
3.652878666204766311e+00 2.255486626698214092e+00
3.652900988857459286e+00 2.254920137207992337e+00
3.652956791647468560e+00 2.253524292007816232e+00
3.653094061825505001e+00 2.250083638577657474e+00
3.653426380800945950e+00 2.241715964493951496e+00
3.654145149033109607e+00 2.223440253978887338e+00
3.655056299940365960e+00 2.201402754826776498e+00
3.655916233521472769e+00 2.179003092060705971e+00
3.656809126272866362e+00 2.156800501865174802e+00
3.657667535557866945e+00 2.134505215668000666e+00
3.658503561123573444e+00 2.112163905042561129e+00
3.659404279882834565e+00 2.090075318532278903e+00
3.660283892238247461e+00 2.067948411355051253e+00
3.661108239951879728e+00 2.045639259202109983e+00
3.661970957846633734e+00 2.023554479208538481e+00
3.662786393040290189e+00 2.001292863678376222e+00
3.663578841974161726e+00 1.979020796178978969e+00
3.664389803795248923e+00 1.956859948131472127e+00
3.665201662860814391e+00 1.934759136009547076e+00
3.665966550584085049e+00 1.912495880012219818e+00
3.666720997655387837e+00 1.890260543780851954e+00
3.667519870504244661e+00 1.868233646103953705e+00
3.668304138624833399e+00 1.846220078686734878e+00
3.669056327658171135e+00 1.824084765307155909e+00
3.669786214883157260e+00 1.801918821653394343e+00
3.670508175377394711e+00 1.779780477732017641e+00
3.671211472170448520e+00 1.757600198884219145e+00
3.671968020774531105e+00 1.735667433257441994e+00
3.672686842722701073e+00 1.713601368498089972e+00
3.673354650650388908e+00 1.691410525776137597e+00
3.674065574905692078e+00 1.669419488773866034e+00
3.674763914605372328e+00 1.647450910446852212e+00
3.675418033360628556e+00 1.625314714587307030e+00
3.676044109157110107e+00 1.603141043782475128e+00
3.676691676908002027e+00 1.581097873440064916e+00
3.677352756189716132e+00 1.559135134251432353e+00
3.678002978867091155e+00 1.537163989895912408e+00
3.678603339725657229e+00 1.515039819454564229e+00
3.679235149169835406e+00 1.493085117796920436e+00
3.679800764577846994e+00 1.470916741109594250e+00
3.680421825029925209e+00 1.449015284689930017e+00
3.680971546404950168e+00 1.426872506760205495e+00
3.681570552704141797e+00 1.404966678736588870e+00
3.682118323749147493e+00 1.382885045141799996e+00
3.682683714136099962e+00 1.360926794030510090e+00
3.683196307876488884e+00 1.338789761841425063e+00
3.683734482477333483e+00 1.316824503589779427e+00
3.684221643805720259e+00 1.294680215082633978e+00
3.684725032386122923e+00 1.272661124292948198e+00
3.685229424003842347e+00 1.250679170984549726e+00
3.685675726349038062e+00 1.228495581896991373e+00
3.686147247683920991e+00 1.206466693492735054e+00
3.686594009994207610e+00 1.184379214524076129e+00
3.687019439263676812e+00 1.162255700629935218e+00
3.687480446852501537e+00 1.140277278748885514e+00
3.687903915159282509e+00 1.118189495179005899e+00
3.688279333475952715e+00 1.095968131757458330e+00
3.688671149060601007e+00 1.073852696938680129e+00
3.689052998848712850e+00 1.051753267726285079e+00
3.689411737160255278e+00 1.029600310596269663e+00
3.689727537114343203e+00 1.007313137532823921e+00
3.690091170399528053e+00 9.852406875399009056e-01
3.690393351190881077e+00 9.629691496270131879e-01
3.690659736152903214e+00 9.406100220596594896e-01
3.690994682727199105e+00 9.185479622181350612e-01
3.691250463081122923e+00 8.962203102673158561e-01
3.691487225738629530e+00 8.738666216997287295e-01
3.691729233912651953e+00 8.515643174261326998e-01
3.691965451102006579e+00 8.292791745403806924e-01
3.692140098622766597e+00 8.067871426329499274e-01
3.692347051705029859e+00 7.844648225475444603e-01
3.692506400899672414e+00 7.620041020928414177e-01
3.692646832413865710e+00 7.394958117512493434e-01
3.692825307208344121e+00 7.171634323605428074e-01
3.692952625082156715e+00 6.946673423166661587e-01
3.693031372979857174e+00 6.720295887029572590e-01
3.693091147092234738e+00 6.493625959064086572e-01
3.693173911059414394e+00 6.268278104506550541e-01
3.693205393846880735e+00 6.041249171858027456e-01
3.693226879688230380e+00 5.814164593960490235e-01
3.693206082849400662e+00 5.585912902700008731e-01
3.693161257200875180e+00 5.357235178743716686e-01
3.693161226948772136e+00 5.130590901604490384e-01
3.693079458520649450e+00 4.901161074062756473e-01
3.692994085754276679e+00 4.672026790481522696e-01
3.692902184625693085e+00 4.442995426111219781e-01
3.692760169894046651e+00 4.212335952217628465e-01
3.692580826063053046e+00 3.980716462061991701e-01
3.692412142668819897e+00 3.749943300603828522e-01
3.692211567051749022e+00 3.518210164599275824e-01
3.692033268463093876e+00 3.287746468304670322e-01
3.691788438773422332e+00 3.055317514534605094e-01
3.691524051847338672e+00 2.822867958525758780e-01
3.691241769763502045e+00 2.590474188873089778e-01
3.690943940174389759e+00 2.358323788303586244e-01
3.690629807718186939e+00 2.126486838080001440e-01
3.690340488183807555e+00 1.896538288366886593e-01
3.690018672203566386e+00 1.666230221299755399e-01
3.689698273005957763e+00 1.437214089888517732e-01
3.689376400920988619e+00 1.209424745087620545e-01
3.689065437283153059e+00 9.835157159419746775e-02
3.688784086910695592e+00 7.603428622006878912e-02
3.688504793002080007e+00 5.388679517904388511e-02
3.688257347012714682e+00 3.205445069100121280e-02
3.688063504592952846e+00 1.064181303223279279e-02
3.687922738637370301e+00 -1.033441286302066303e-02
3.687866999674131563e+00 -3.072052311080638795e-02
3.687904785556896492e+00 -5.047638420358795813e-02
3.688009229911795028e+00 -6.966750837069317359e-02
3.688235353827892027e+00 -8.803025292275316882e-02
3.688605453552470603e+00 -1.054188205523156341e-01
3.689150269794339909e+00 -1.216624681575658451e-01
3.689898807231416722e+00 -1.365845922610330332e-01
3.690884665524051922e+00 -1.499811150483072175e-01
3.692177362434241772e+00 -1.614922091806591797e-01
3.693777066108949292e+00 -1.710048681987090535e-01
3.695795784299477749e+00 -1.779468976986601780e-01
3.698343774520326033e+00 -1.817184954856678469e-01
3.701369325530689647e+00 -1.823729249075626557e-01
3.704983991164067625e+00 -1.792853387788506669e-01
3.709216669925177179e+00 -1.722464464117140492e-01
3.713998927427850205e+00 -1.614523204469454076e-01
3.719133658730145342e+00 -1.477816108275594176e-01
3.724419381351790737e+00 -1.323935236828365503e-01
3.729760346418499850e+00 -1.161987963040401056e-01
3.734990687381000374e+00 -1.003472003738213603e-01
3.740095743752807067e+00 -8.524427447250265688e-02
3.745077387046879647e+00 -7.121980015106575690e-02
3.749890336031394877e+00 -5.866120388091852073e-02
3.754574964441858675e+00 -4.749851955416124066e-02
3.759084283332028154e+00 -3.786775475124903173e-02
3.763461121099096029e+00 -2.961259820790729941e-02
3.767711609914633719e+00 -2.272656798522445717e-02
3.771805310342619233e+00 -1.715327146694367241e-02
3.775784417915526880e+00 -1.284588797242596989e-02
3.779621899962158693e+00 -9.835274299970081513e-03
3.783362995987348487e+00 -8.210107884841987350e-03
3.786910048920048233e+00 -8.221968550808601492e-03
3.790228978786319036e+00 -1.036702408238964965e-02
3.793189551556345851e+00 -1.556244080824212977e-02
3.795593097296170448e+00 -2.535875209330547969e-02
3.797097395310243595e+00 -4.217874710401946226e-02
3.797249486821733022e+00 -6.925366818324288354e-02
3.795486736287534413e+00 -1.082478007508139578e-01
3.792315855631923416e+00 -1.502505403770046655e-01
3.790143301528405395e+00 -1.734474309718422314e-01
3.789420024275047538e+00 -1.804846017782060774e-01
3.788711708897270825e+00 -1.870188246339020977e-01
3.786358447272525130e+00 -2.043146512644775925e-01
3.785970297340033763e+00 -2.006097245448637822e-01
3.785435249774048216e+00 -1.967405969171863722e-01
3.785308273173884519e+00 -1.923761070753880198e-01
3.785608182654280451e+00 -1.863912164491779710e-01
3.786644310561799287e+00 -1.752450154060361254e-01
3.789351766834446966e+00 -1.499418058159566747e-01
3.793526800497675655e+00 -1.107602458556326414e-01
3.797568048898343651e+00 -7.088025673187216269e-02
3.801288047334047793e+00 -3.171333941532738371e-02
3.804038247297883313e+00 -7.673724187538334728e-04
3.804696561750381623e+00 6.931062232378542610e-03
3.807827097500757318e+00 4.522429211071104377e-02
3.810719321614080446e+00 8.318500929327732329e-02
3.813402385330673106e+00 1.207175348711696655e-01
3.815879003803402725e+00 1.576715889645043944e-01
3.818147907584259482e+00 1.940387222145008028e-01
3.820189664544046071e+00 2.298262041893127383e-01
3.821963923492599946e+00 2.649758430753467175e-01
3.823459314756638694e+00 2.996290303845073888e-01
3.824632054503817713e+00 3.336275819314838409e-01
3.825418263660344653e+00 3.671431873002866109e-01
3.825700334157041471e+00 4.009373618586490884e-01
3.825380826410711865e+00 4.306485637992162330e-01
3.825042009029248291e+00 4.433913291487215358e-01
3.824734539021241275e+00 4.517948294821863553e-01
3.824406651940140289e+00 4.595266818439948664e-01
3.824050035339457310e+00 4.667934155892130565e-01
3.823660760983326856e+00 4.736283686968930651e-01
3.823253643799104484e+00 4.800717556536840402e-01
3.822833096298274835e+00 4.861341081199380687e-01
3.822398326526690315e+00 4.918612210470041934e-01
3.821949428073757815e+00 4.972622474055613528e-01
3.821499720641510223e+00 5.023697728366913751e-01
3.820620482213232805e+00 5.114855582404529422e-01
3.818593344575179405e+00 5.293758080529084031e-01
3.816104217712678270e+00 5.473518526019692798e-01
3.813442621765552598e+00 5.635072105222965755e-01
3.810643876629573157e+00 5.780839210364409064e-01
3.807759023821404298e+00 5.913213817417346529e-01
3.804817044359839251e+00 6.034253176661249496e-01
3.801821408971527205e+00 6.145950858477067236e-01
3.798803225637295444e+00 6.249441409634224343e-01
3.795777432579935162e+00 6.345485856408588088e-01
3.792751252224999980e+00 6.435077508587367934e-01
3.789732401179889631e+00 6.519193630900809167e-01
3.786716089987550937e+00 6.598387538105148220e-01
3.783702461264468297e+00 6.673245756723790167e-01
3.780707542389498244e+00 6.744055783915839930e-01
3.777734723656277271e+00 6.811063545346982551e-01
3.774785880435993057e+00 6.874606321486838034e-01
3.771856964511584032e+00 6.934900540480385400e-01
3.768956369802511475e+00 6.992210371014526693e-01
3.766074176533934725e+00 7.046524395064712731e-01
3.764381010546528739e+00 7.077774720691599741e-01
3.763254275390575554e+00 7.098089695709394187e-01
3.760464830096955424e+00 7.147323602658681718e-01
3.757719109068688557e+00 7.194369093466556064e-01
3.755018471014721637e+00 7.239754960193476307e-01
3.752359716176751903e+00 7.283767315184067614e-01
3.749757523521436209e+00 7.327059839614389336e-01
3.747232653374035216e+00 7.370321560771371239e-01
3.744770643796371701e+00 7.414333339607684925e-01
3.742371897506807876e+00 7.459970455776779863e-01
3.740074773795507568e+00 7.508366504983078338e-01
3.737868514129973896e+00 7.560441122856083052e-01
3.737852357800996117e+00 7.560806725951076945e-01
