3.674029722345412363e+00 2.353004660375573653e+00
3.673362770068172356e+00 2.350113855733091839e+00
3.671708879306848861e+00 2.342930357481850301e+00
3.668692775938265704e+00 2.329772567239888126e+00
3.664379803777672695e+00 2.310792952492636942e+00
3.659758967726360890e+00 2.290141697903505857e+00
3.656094703284816561e+00 2.273328813387268443e+00
3.653982639465923388e+00 2.263177588012335484e+00
3.653134858523924500e+00 2.258718315403482446e+00
3.652910363830593532e+00 2.257258247619955416e+00
3.652874859845636646e+00 2.256810697283402778e+00
3.652879460776814025e+00 2.256520451311135655e+00
3.652901760055443869e+00 2.255953135245424512e+00
3.652957494188651122e+00 2.254555234686239196e+00
3.653094509580568694e+00 2.251109231660401555e+00
3.653425447411396743e+00 2.242725843202982183e+00
3.654165868054456201e+00 2.224512843235869397e+00
3.655052611468691204e+00 2.202344214154307700e+00
3.655946311904030743e+00 2.180082764984002441e+00
3.656795390523530642e+00 2.157676790199637651e+00
3.657667507488980618e+00 2.135413003281184441e+00
3.658587071284393755e+00 2.113374114031226103e+00
3.659419777351612169e+00 2.090994375262885452e+00
3.660251957470355144e+00 2.068683625057774922e+00
3.661103533376397490e+00 2.046492574394837671e+00
3.661934463649931804e+00 2.024271484330930182e+00
3.662744251405189555e+00 2.002021820807367458e+00
3.663607614493056275e+00 1.980025049566515705e+00
3.664383081970215450e+00 1.957721314092364384e+00
3.665194034590514960e+00 1.935599172478040808e+00
3.665984207903053793e+00 1.913459564110363997e+00
3.666746275080460915e+00 1.891239446879133146e+00
3.667533524995828298e+00 1.869164763803591089e+00
3.668319899180593424e+00 1.847146239090486475e+00
3.669069673688325484e+00 1.824985657633983793e+00
3.669797889034821292e+00 1.802811911177053306e+00
3.670521466516837084e+00 1.780678514783019306e+00
3.671225585698228766e+00 1.758500174620083900e+00
3.671980894828949182e+00 1.736560368630837514e+00
3.672700723824378510e+00 1.714497387744150281e+00
3.673369219420072884e+00 1.692306157735233407e+00
3.674081466346206692e+00 1.670315830922743050e+00
3.674779555768077355e+00 1.648340603051372089e+00
3.675434291787448515e+00 1.626203113737916706e+00
3.676061025346847089e+00 1.604028331136955865e+00
3.676709191246769315e+00 1.581983891713918622e+00
3.677370429805841390e+00 1.560027293688184491e+00
3.678021182068417883e+00 1.538051950625554554e+00
3.678622240766463491e+00 1.515926253735761620e+00
3.679254474825458754e+00 1.493969627457301330e+00
3.679820639484967071e+00 1.471799999156640837e+00
3.680442265288507375e+00 1.449897279006054918e+00
3.680992718895698346e+00 1.427753844814807715e+00
3.681606603187390636e+00 1.405905100420028031e+00
3.682142755301758275e+00 1.383768498028030702e+00
3.682708676152008476e+00 1.361806770317826487e+00
3.683221949821913643e+00 1.339666467467165667e+00
3.683760732629382861e+00 1.317697632267483598e+00
3.684248570852637794e+00 1.295550154133524590e+00
3.684752695773493070e+00 1.273528186838141840e+00
3.685257558133508748e+00 1.251542258598949964e+00
3.685704643506964473e+00 1.229355975266918755e+00
3.686176836577619742e+00 1.207324028712058128e+00
3.686624295150755959e+00 1.185233632489460565e+00
3.687048485781047269e+00 1.163100463858511624e+00
3.687510057389552287e+00 1.141123317343016419e+00
3.687934086598951833e+00 1.119037055467103636e+00
3.688310198102582760e+00 1.096817878018094383e+00
3.688702645173839390e+00 1.074704293301131042e+00
3.689085024660681889e+00 1.052606278456351019e+00
3.689444478419896534e+00 1.030455481881738633e+00
3.689760997623990235e+00 1.008170479708455636e+00
3.690125271900614123e+00 9.860999186182639598e-01
3.690428118441554606e+00 9.638302823062183666e-01
3.690695264298718747e+00 9.414733837912671044e-01
3.691030937545022983e+00 9.194134684969803573e-01
3.691287483568782779e+00 8.970881673100657983e-01
3.691524915053102429e+00 8.747363172260815833e-01
3.691767679559213367e+00 8.524361845136869675e-01
3.692004685707197087e+00 8.301534696778519740e-01
3.692180243098015957e+00 8.076642589728976196e-01
3.692387862920609276e+00 7.853436969430603876e-01
3.692548074853723161e+00 7.628856289160496074e-01
3.692689358850985037e+00 7.403799559348804848e-01
3.692868699658493625e+00 7.180501521644457874e-01
3.692996925590965596e+00 6.955567451940043444e-01
3.693076555975965292e+00 6.729215479504514485e-01
3.693137287315060746e+00 6.502575034482098726e-01
3.693220898877024538e+00 6.277253151940270781e-01
3.693253382257186690e+00 6.050255483701252324e-01
3.693275756589813774e+00 5.823196732254483088e-01
3.693255926897111685e+00 5.594973965727484400e-01
3.693212057726626085e+00 5.366325374622105127e-01
3.693213185516833530e+00 5.139718370606785047e-01
3.693132338715563456e+00 4.910316749292506500e-01
3.693047957024092387e+00 4.681212567839873606e-01
3.692957089732174847e+00 4.452213046701025134e-01
3.692816185370619397e+00 4.221589007884459788e-01
3.692637959907592471e+00 3.990005009799314495e-01
3.692470305738452030e+00 3.759264302105761457e-01
3.692288903545596135e+00 3.528286129117479408e-01
3.692061809104735470e+00 3.295986587023466141e-01
3.691852120091213774e+00 3.064973299927188921e-01
3.691587593317770644e+00 2.832434121244064018e-01
3.691306817846859101e+00 2.600083210702148762e-01
3.691010573075256040e+00 2.368000922753561721e-01
3.690698116607048718e+00 2.136235392916363551e-01
3.690410830541988041e+00 1.906379764873134541e-01
3.690090818412208762e+00 1.676153132852057637e-01
3.689772667250066807e+00 1.447239639058494898e-01
3.689453183873504294e+00 1.219560931324612518e-01
3.689144847747735767e+00 9.937735360857695432e-02
3.688864422471272331e+00 7.706555979795891298e-02
3.688588748120650962e+00 5.492861706216750628e-02
3.688351066849380189e+00 3.313132830811255092e-02
3.688166573331577602e+00 1.174488155080928228e-02
3.688018377808207848e+00 -9.274865092692085103e-03
3.687967939768962200e+00 -2.964857481915362733e-02
3.687995843640060389e+00 -4.944984677759847735e-02
3.688123398012828957e+00 -6.854659272605458098e-02
3.688357407346118944e+00 -8.686842911943440382e-02
3.688736432956916111e+00 -1.042090617845761874e-01
3.689292063671652411e+00 -1.203897607165605732e-01
3.690052073614029204e+00 -1.352399288489277429e-01
3.691051126087815160e+00 -1.485541218513921624e-01
3.692359497470615537e+00 -1.599681450634458935e-01
3.693979015821679202e+00 -1.693632196749250418e-01
3.696019922972683780e+00 -1.761732250511713893e-01
3.698592944334450738e+00 -1.797913594871164977e-01
3.701647838872232033e+00 -1.802604175284747146e-01
3.705292993725457507e+00 -1.769754208916060889e-01
3.709566535763581641e+00 -1.696874030768228681e-01
3.714369870626831549e+00 -1.587254884454462334e-01
3.719524299482185992e+00 -1.448903913947202637e-01
3.724823560129306710e+00 -1.294033095734732630e-01
3.730109253682691417e+00 -1.133502751494871175e-01
3.735358677301316543e+00 -9.733525168837724173e-02
3.740465467673813826e+00 -8.225867225855983123e-02
3.745418713941967237e+00 -6.837451491080415167e-02
3.750254034241753853e+00 -5.578624514560891895e-02
3.754910222115015017e+00 -4.474355004467815700e-02
3.759432843867950069e+00 -3.510646458575717582e-02
3.763788239558698567e+00 -2.693814486697549207e-02
3.768029570142387819e+00 -2.006848963884559980e-02
3.772118700232970134e+00 -1.455128247839015780e-02
3.776067116096877285e+00 -1.029391367547338385e-02
3.779891901029959644e+00 -7.313673451929604552e-03
3.783580990194836069e+00 -5.698994573789709951e-03
3.787102909321377275e+00 -5.703557689092211835e-03
3.790428271051366593e+00 -7.816691697228145622e-03
3.793379027099577083e+00 -1.296367943584346254e-02
3.795793568453547540e+00 -2.265341811354184415e-02
3.797322900616467933e+00 -3.928129958462397292e-02
3.797513030649892762e+00 -6.608002811503953244e-02
3.795795094265566938e+00 -1.048640385119671975e-01
3.792655209211395206e+00 -1.468312671895316002e-01
3.790495098535309637e+00 -1.700959754724654382e-01
3.789773272644530788e+00 -1.771761966567451108e-01
3.789069415303988109e+00 -1.837484373274183569e-01
3.786648704202347560e+00 -2.017953857979880028e-01
3.786243877245382361e+00 -1.982308833165475626e-01
3.785717902543936919e+00 -1.943209700805080820e-01
3.785586298200794175e+00 -1.899599772435453249e-01
3.785879307015132866e+00 -1.840147985083324111e-01
3.786898088393699346e+00 -1.729974658258222053e-01
3.789570527697442071e+00 -1.479907327727316424e-01
3.793737316873760257e+00 -1.088671544176246647e-01
3.797779833748765377e+00 -6.897486964473381610e-02
3.801502084240932611e+00 -2.980361505483444806e-02
3.804256708554612842e+00 1.184634200188163953e-03
3.804915803310076949e+00 8.893546057191855855e-03
3.808047059992621719e+00 4.716662206621708570e-02
3.810942618526026227e+00 8.514715138776043912e-02
3.813624339652259554e+00 1.226515531103226503e-01
3.816108791636904751e+00 1.595899484521173806e-01
3.818384261000103752e+00 1.959152350144277577e-01
3.820431983157259292e+00 2.316639219914708170e-01
3.822220498709313574e+00 2.668414362429601394e-01
3.823719530159102931e+00 3.013943358756038804e-01
3.824896138244429089e+00 3.352468117258311509e-01
3.825681764212340408e+00 3.685878200923217718e-01
3.825981983783221185e+00 4.022709665350385211e-01
3.825682655287163225e+00 4.320383302240835555e-01
3.825342229022233198e+00 4.448101780969633268e-01
3.825047095168723210e+00 4.532354061992101002e-01
3.824720156181462549e+00 4.609839624604796238e-01
3.824363243233400933e+00 4.682702137517187890e-01
3.823979029389324324e+00 4.751317139252245747e-01
3.823570902651230341e+00 4.815801180925683989e-01
3.823150328124675035e+00 4.876545619296898115e-01
3.822709694709423456e+00 4.933869323947154273e-01
3.822265457136729161e+00 4.988008596344761236e-01
3.821813405810561726e+00 5.039189033396923589e-01
3.821093933554413624e+00 5.113896943382111315e-01
3.819273820388860763e+00 5.279327543818450597e-01
3.816849460032846419e+00 5.460636580131552620e-01
3.814207029257064896e+00 5.624680957607850473e-01
3.811430795224446388e+00 5.772964281447263701e-01
3.808558251709845077e+00 5.907477500289600725e-01
3.805610618096090469e+00 6.030209936881523181e-01
3.802644443527809059e+00 6.143102773765994895e-01
3.799625357280679960e+00 6.247731652533975444e-01
3.796591764140347269e+00 6.344959810962814695e-01
3.793565548143581267e+00 6.435594619938193039e-01
3.790539195339988066e+00 6.520367025444268050e-01
3.787509270501983050e+00 6.600183665525890531e-01
3.784512043977852347e+00 6.675603957628244434e-01
3.781515466787936930e+00 6.746975318353498619e-01
3.778539671979580739e+00 6.814566981721303929e-01
3.775579585341870104e+00 6.878638235836398440e-01
3.772643599346187759e+00 6.939395215104148251e-01
3.769731641186383264e+00 6.997148009801796853e-01
3.766855448222373948e+00 7.051919946965923280e-01
3.764579524043865089e+00 7.093781090223342245e-01
3.764016883365068011e+00 7.104026396795409815e-01
3.761213542060072523e+00 7.153665438161644907e-01
3.758444128280847174e+00 7.201065676629297974e-01
3.755726003870945018e+00 7.246678867791781498e-01
3.753046433943057814e+00 7.290712683971279917e-01
3.750443089896481119e+00 7.333798305874272838e-01
3.747889968415502260e+00 7.376676559944658207e-01
3.745412544933351295e+00 7.420040212268965707e-01
3.743008764043100900e+00 7.464872455566511356e-01
3.740680276978048280e+00 7.512106152917542579e-01
3.738454056946452830e+00 7.562786114776611779e-01
3.736301826846337715e+00 7.617901104881662500e-01
3.734251791708762980e+00 7.678455784583447796e-01
3.732314546186261239e+00 7.745308624783059370e-01
3.730471499375695110e+00 7.819094831931208134e-01
3.728738628569941760e+00 7.900546865227185966e-01
3.727077706237620802e+00 7.989989049291403855e-01
3.725562063838394167e+00 8.087616938442439007e-01
3.725288164507922772e+00 8.106798837376751887e-01
